{
 "cells": [
  {
   "cell_type": "markdown",
   "metadata": {},
   "source": [
    "Let's look at relationship between PM2.5 and traffic flow. The data are real, but the location \"1b14\" is undisclosed."
   ]
  },
  {
   "cell_type": "code",
   "execution_count": 2,
   "metadata": {},
   "outputs": [],
   "source": [
    "from lib import airqual_read\n",
    "from lib import constants\n",
    "import pandas as pd\n",
    "import numpy as np\n",
    "from matplotlib import pyplot as plt\n",
    "\n",
    "location = \"1b14\""
   ]
  },
  {
   "cell_type": "markdown",
   "metadata": {},
   "source": [
    "The traffic data that we have is 1-hourly aggregated data.\n",
    "\n",
    "We'll read in the air quality data, and then downsample so that it is also 1-hourly average (non-overlapping window)."
   ]
  },
  {
   "cell_type": "code",
   "execution_count": 5,
   "metadata": {},
   "outputs": [],
   "source": [
    "# Several air quality sensors are placed at this location.\n",
    "# We retrieve a list of dataframes.\n",
    "df_list = airqual_read.hourly_airqual(location)\n",
    "\n",
    "# Let's pick out the second sensor at this location\n",
    "df = df_list[1]\n",
    "\n",
    "# Read in the traffic flow data for this location and append to air qual dataframe\n",
    "traffic_df = pd.read_csv(constants.TRAFFIC_PATH / (location + \"_traffic.csv\"),index_col=0)\n",
    "df = pd.concat([df,traffic_df],axis=1)\n",
    "\n",
    "# There are two motorways near this location. We'll aggregate the traffic flows.\n",
    "df[\"M_count\"] = df[\"M0_count\"] + df[\"M1_count\"]"
   ]
  },
  {
   "cell_type": "markdown",
   "metadata": {},
   "source": [
    "At this point, our dataframe is full of various readings of temperature, humidity, noise, CO2, particulate matter, etc."
   ]
  },
  {
   "cell_type": "code",
   "execution_count": 7,
   "metadata": {},
   "outputs": [
    {
     "name": "stdout",
     "output_type": "stream",
     "text": [
      "          TEMP        HUM       BATT      LIGHT    NOISE_A      PRESS  \\\n",
      "0    16.264059  78.628954  99.928870   0.000000  35.952594  99.764686   \n",
      "1    16.346485  79.248243  99.903766   0.000000  35.865021  99.771841   \n",
      "2    16.500750  80.312111  99.925000   0.000000  34.076295  99.404556   \n",
      "3    16.421972  80.741444  99.916667   0.000000  34.125278  99.400889   \n",
      "4    16.395894  80.813212  99.932961   0.000000  34.196369  99.416229   \n",
      "..         ...        ...        ...        ...        ...        ...   \n",
      "163  15.943917  76.093222  99.961111   0.000000  29.808917  99.469083   \n",
      "164  15.865487  76.350251  99.944290   0.000000  29.331838  99.461393   \n",
      "165  15.912694  77.273917  99.947222  21.419444  31.211778  99.448139   \n",
      "166  16.070724  78.309916  99.935933   5.880223  33.647437  99.437437   \n",
      "167  16.189038  77.753180  99.907950   0.000000  36.959079  99.749289   \n",
      "\n",
      "     CCS811_VOCS  CCS811_ECO2    SCD30_CO2  SCD30_TEMP  SCD30_HUM      PM_1  \\\n",
      "0    1327.418410  2039.280335  1875.799163   19.706946  64.995188  0.000000   \n",
      "1    1587.753138  2314.234310  2075.673640   19.792176  65.470544  0.000000   \n",
      "2    2271.337143  2702.648571  2229.947222   19.848778  66.799417  0.000000   \n",
      "3    2456.877778  2804.252778  2304.613889   19.872889  66.909750  0.000000   \n",
      "4    2956.011173  3048.840782  2377.586592   19.838687  67.001480  0.000000   \n",
      "..           ...          ...          ...         ...        ...       ...   \n",
      "163    88.355556   937.636111   800.188889   19.342583  63.169694  0.000000   \n",
      "164    96.651811  1037.629526   800.844011   19.277242  63.381978  0.197183   \n",
      "165   195.763889  1318.558333   941.025000   19.337333  64.092278  0.569444   \n",
      "166   693.328691  1714.345404  1306.637883   19.508969  64.917967  0.295775   \n",
      "167  1184.711297  1879.288703  1575.991632   19.630167  64.366904  0.000000   \n",
      "\n",
      "        PM_25     PM_10  day  M0_count  M1_count  M_count  \n",
      "0    0.000000  0.000000  0.0       330       422      752  \n",
      "1    0.000000  0.000000  0.0       193       263      456  \n",
      "2    0.000000  0.069444  0.0       182       200      382  \n",
      "3    0.000000  0.027778  0.0       235       200      435  \n",
      "4    0.000000  0.000000  0.0       411       312      723  \n",
      "..        ...       ...  ...       ...       ...      ...  \n",
      "163  0.513889  0.805556  6.0      2141      2416     4557  \n",
      "164  1.478873  2.154930  6.0      1634      1837     3471  \n",
      "165  2.111111  2.930556  6.0      1196      1214     2410  \n",
      "166  2.056338  3.070423  6.0       839       866     1705  \n",
      "167  0.000000  0.000000  6.0       525       551     1076  \n",
      "\n",
      "[168 rows x 18 columns]\n"
     ]
    }
   ],
   "source": [
    "print(df)"
   ]
  },
  {
   "cell_type": "markdown",
   "metadata": {},
   "source": [
    "We'll approach this naively and try and see which variables correlate strongly with each other. Doing this shows that PM_25 (PM 2.5) has a weak/moderate correlation of about 0.4 with total motorway traffic flow."
   ]
  },
  {
   "cell_type": "code",
   "execution_count": 8,
   "metadata": {},
   "outputs": [
    {
     "data": {
      "text/html": [
       "<div>\n",
       "<style scoped>\n",
       "    .dataframe tbody tr th:only-of-type {\n",
       "        vertical-align: middle;\n",
       "    }\n",
       "\n",
       "    .dataframe tbody tr th {\n",
       "        vertical-align: top;\n",
       "    }\n",
       "\n",
       "    .dataframe thead th {\n",
       "        text-align: right;\n",
       "    }\n",
       "</style>\n",
       "<table border=\"1\" class=\"dataframe\">\n",
       "  <thead>\n",
       "    <tr style=\"text-align: right;\">\n",
       "      <th></th>\n",
       "      <th>TEMP</th>\n",
       "      <th>HUM</th>\n",
       "      <th>BATT</th>\n",
       "      <th>LIGHT</th>\n",
       "      <th>NOISE_A</th>\n",
       "      <th>PRESS</th>\n",
       "      <th>CCS811_VOCS</th>\n",
       "      <th>CCS811_ECO2</th>\n",
       "      <th>SCD30_CO2</th>\n",
       "      <th>SCD30_TEMP</th>\n",
       "      <th>SCD30_HUM</th>\n",
       "      <th>PM_1</th>\n",
       "      <th>PM_25</th>\n",
       "      <th>PM_10</th>\n",
       "      <th>day</th>\n",
       "      <th>M0_count</th>\n",
       "      <th>M1_count</th>\n",
       "      <th>M_count</th>\n",
       "    </tr>\n",
       "  </thead>\n",
       "  <tbody>\n",
       "    <tr>\n",
       "      <th>TEMP</th>\n",
       "      <td>1.000000</td>\n",
       "      <td>0.348004</td>\n",
       "      <td>-0.215066</td>\n",
       "      <td>-0.048114</td>\n",
       "      <td>0.277731</td>\n",
       "      <td>-0.216997</td>\n",
       "      <td>0.192807</td>\n",
       "      <td>0.274876</td>\n",
       "      <td>0.361620</td>\n",
       "      <td>0.982783</td>\n",
       "      <td>0.380277</td>\n",
       "      <td>0.117268</td>\n",
       "      <td>0.073169</td>\n",
       "      <td>0.062629</td>\n",
       "      <td>-0.271903</td>\n",
       "      <td>-0.109794</td>\n",
       "      <td>-0.075218</td>\n",
       "      <td>-0.091142</td>\n",
       "    </tr>\n",
       "    <tr>\n",
       "      <th>HUM</th>\n",
       "      <td>0.348004</td>\n",
       "      <td>1.000000</td>\n",
       "      <td>0.127964</td>\n",
       "      <td>-0.219791</td>\n",
       "      <td>0.590367</td>\n",
       "      <td>-0.200685</td>\n",
       "      <td>0.784337</td>\n",
       "      <td>0.865434</td>\n",
       "      <td>0.931950</td>\n",
       "      <td>0.438683</td>\n",
       "      <td>0.996366</td>\n",
       "      <td>-0.149658</td>\n",
       "      <td>-0.176525</td>\n",
       "      <td>-0.175673</td>\n",
       "      <td>0.042550</td>\n",
       "      <td>-0.735108</td>\n",
       "      <td>-0.703678</td>\n",
       "      <td>-0.720243</td>\n",
       "    </tr>\n",
       "    <tr>\n",
       "      <th>BATT</th>\n",
       "      <td>-0.215066</td>\n",
       "      <td>0.127964</td>\n",
       "      <td>1.000000</td>\n",
       "      <td>0.259032</td>\n",
       "      <td>-0.035350</td>\n",
       "      <td>-0.352320</td>\n",
       "      <td>0.227877</td>\n",
       "      <td>0.241680</td>\n",
       "      <td>0.173005</td>\n",
       "      <td>-0.116293</td>\n",
       "      <td>0.118250</td>\n",
       "      <td>-0.006917</td>\n",
       "      <td>0.006553</td>\n",
       "      <td>0.005445</td>\n",
       "      <td>0.546151</td>\n",
       "      <td>-0.116389</td>\n",
       "      <td>-0.082649</td>\n",
       "      <td>-0.098218</td>\n",
       "    </tr>\n",
       "    <tr>\n",
       "      <th>LIGHT</th>\n",
       "      <td>-0.048114</td>\n",
       "      <td>-0.219791</td>\n",
       "      <td>0.259032</td>\n",
       "      <td>1.000000</td>\n",
       "      <td>-0.242790</td>\n",
       "      <td>-0.016363</td>\n",
       "      <td>-0.095234</td>\n",
       "      <td>-0.032832</td>\n",
       "      <td>-0.217748</td>\n",
       "      <td>-0.032856</td>\n",
       "      <td>-0.213316</td>\n",
       "      <td>0.399301</td>\n",
       "      <td>0.382452</td>\n",
       "      <td>0.381544</td>\n",
       "      <td>0.143201</td>\n",
       "      <td>0.172480</td>\n",
       "      <td>0.203348</td>\n",
       "      <td>0.190021</td>\n",
       "    </tr>\n",
       "    <tr>\n",
       "      <th>NOISE_A</th>\n",
       "      <td>0.277731</td>\n",
       "      <td>0.590367</td>\n",
       "      <td>-0.035350</td>\n",
       "      <td>-0.242790</td>\n",
       "      <td>1.000000</td>\n",
       "      <td>-0.094918</td>\n",
       "      <td>0.436473</td>\n",
       "      <td>0.501627</td>\n",
       "      <td>0.705279</td>\n",
       "      <td>0.344176</td>\n",
       "      <td>0.559487</td>\n",
       "      <td>-0.225660</td>\n",
       "      <td>-0.297031</td>\n",
       "      <td>-0.311816</td>\n",
       "      <td>0.013444</td>\n",
       "      <td>-0.666472</td>\n",
       "      <td>-0.659078</td>\n",
       "      <td>-0.664599</td>\n",
       "    </tr>\n",
       "    <tr>\n",
       "      <th>PRESS</th>\n",
       "      <td>-0.216997</td>\n",
       "      <td>-0.200685</td>\n",
       "      <td>-0.352320</td>\n",
       "      <td>-0.016363</td>\n",
       "      <td>-0.094918</td>\n",
       "      <td>1.000000</td>\n",
       "      <td>-0.141142</td>\n",
       "      <td>-0.144661</td>\n",
       "      <td>-0.183571</td>\n",
       "      <td>-0.254121</td>\n",
       "      <td>-0.202180</td>\n",
       "      <td>0.086579</td>\n",
       "      <td>0.104803</td>\n",
       "      <td>0.107635</td>\n",
       "      <td>-0.429404</td>\n",
       "      <td>-0.020202</td>\n",
       "      <td>-0.032995</td>\n",
       "      <td>-0.027303</td>\n",
       "    </tr>\n",
       "    <tr>\n",
       "      <th>CCS811_VOCS</th>\n",
       "      <td>0.192807</td>\n",
       "      <td>0.784337</td>\n",
       "      <td>0.227877</td>\n",
       "      <td>-0.095234</td>\n",
       "      <td>0.436473</td>\n",
       "      <td>-0.141142</td>\n",
       "      <td>1.000000</td>\n",
       "      <td>0.935007</td>\n",
       "      <td>0.805563</td>\n",
       "      <td>0.277245</td>\n",
       "      <td>0.780386</td>\n",
       "      <td>-0.126319</td>\n",
       "      <td>-0.132555</td>\n",
       "      <td>-0.123778</td>\n",
       "      <td>0.099615</td>\n",
       "      <td>-0.494551</td>\n",
       "      <td>-0.463696</td>\n",
       "      <td>-0.479210</td>\n",
       "    </tr>\n",
       "    <tr>\n",
       "      <th>CCS811_ECO2</th>\n",
       "      <td>0.274876</td>\n",
       "      <td>0.865434</td>\n",
       "      <td>0.241680</td>\n",
       "      <td>-0.032832</td>\n",
       "      <td>0.501627</td>\n",
       "      <td>-0.144661</td>\n",
       "      <td>0.935007</td>\n",
       "      <td>1.000000</td>\n",
       "      <td>0.890838</td>\n",
       "      <td>0.364789</td>\n",
       "      <td>0.865041</td>\n",
       "      <td>-0.072257</td>\n",
       "      <td>-0.079218</td>\n",
       "      <td>-0.071717</td>\n",
       "      <td>0.075909</td>\n",
       "      <td>-0.609968</td>\n",
       "      <td>-0.564689</td>\n",
       "      <td>-0.587075</td>\n",
       "    </tr>\n",
       "    <tr>\n",
       "      <th>SCD30_CO2</th>\n",
       "      <td>0.361620</td>\n",
       "      <td>0.931950</td>\n",
       "      <td>0.173005</td>\n",
       "      <td>-0.217748</td>\n",
       "      <td>0.705279</td>\n",
       "      <td>-0.183571</td>\n",
       "      <td>0.805563</td>\n",
       "      <td>0.890838</td>\n",
       "      <td>1.000000</td>\n",
       "      <td>0.450857</td>\n",
       "      <td>0.921047</td>\n",
       "      <td>-0.207647</td>\n",
       "      <td>-0.252529</td>\n",
       "      <td>-0.258611</td>\n",
       "      <td>0.019399</td>\n",
       "      <td>-0.791315</td>\n",
       "      <td>-0.757746</td>\n",
       "      <td>-0.775459</td>\n",
       "    </tr>\n",
       "    <tr>\n",
       "      <th>SCD30_TEMP</th>\n",
       "      <td>0.982783</td>\n",
       "      <td>0.438683</td>\n",
       "      <td>-0.116293</td>\n",
       "      <td>-0.032856</td>\n",
       "      <td>0.344176</td>\n",
       "      <td>-0.254121</td>\n",
       "      <td>0.277245</td>\n",
       "      <td>0.364789</td>\n",
       "      <td>0.450857</td>\n",
       "      <td>1.000000</td>\n",
       "      <td>0.464199</td>\n",
       "      <td>0.075309</td>\n",
       "      <td>0.036651</td>\n",
       "      <td>0.027745</td>\n",
       "      <td>-0.242700</td>\n",
       "      <td>-0.187658</td>\n",
       "      <td>-0.147397</td>\n",
       "      <td>-0.166136</td>\n",
       "    </tr>\n",
       "    <tr>\n",
       "      <th>SCD30_HUM</th>\n",
       "      <td>0.380277</td>\n",
       "      <td>0.996366</td>\n",
       "      <td>0.118250</td>\n",
       "      <td>-0.213316</td>\n",
       "      <td>0.559487</td>\n",
       "      <td>-0.202180</td>\n",
       "      <td>0.780386</td>\n",
       "      <td>0.865041</td>\n",
       "      <td>0.921047</td>\n",
       "      <td>0.464199</td>\n",
       "      <td>1.000000</td>\n",
       "      <td>-0.132487</td>\n",
       "      <td>-0.155959</td>\n",
       "      <td>-0.154088</td>\n",
       "      <td>0.032091</td>\n",
       "      <td>-0.706477</td>\n",
       "      <td>-0.673590</td>\n",
       "      <td>-0.690716</td>\n",
       "    </tr>\n",
       "    <tr>\n",
       "      <th>PM_1</th>\n",
       "      <td>0.117268</td>\n",
       "      <td>-0.149658</td>\n",
       "      <td>-0.006917</td>\n",
       "      <td>0.399301</td>\n",
       "      <td>-0.225660</td>\n",
       "      <td>0.086579</td>\n",
       "      <td>-0.126319</td>\n",
       "      <td>-0.072257</td>\n",
       "      <td>-0.207647</td>\n",
       "      <td>0.075309</td>\n",
       "      <td>-0.132487</td>\n",
       "      <td>1.000000</td>\n",
       "      <td>0.971183</td>\n",
       "      <td>0.956436</td>\n",
       "      <td>0.067334</td>\n",
       "      <td>0.277480</td>\n",
       "      <td>0.308432</td>\n",
       "      <td>0.295414</td>\n",
       "    </tr>\n",
       "    <tr>\n",
       "      <th>PM_25</th>\n",
       "      <td>0.073169</td>\n",
       "      <td>-0.176525</td>\n",
       "      <td>0.006553</td>\n",
       "      <td>0.382452</td>\n",
       "      <td>-0.297031</td>\n",
       "      <td>0.104803</td>\n",
       "      <td>-0.132555</td>\n",
       "      <td>-0.079218</td>\n",
       "      <td>-0.252529</td>\n",
       "      <td>0.036651</td>\n",
       "      <td>-0.155959</td>\n",
       "      <td>0.971183</td>\n",
       "      <td>1.000000</td>\n",
       "      <td>0.996743</td>\n",
       "      <td>0.055430</td>\n",
       "      <td>0.340430</td>\n",
       "      <td>0.375051</td>\n",
       "      <td>0.360588</td>\n",
       "    </tr>\n",
       "    <tr>\n",
       "      <th>PM_10</th>\n",
       "      <td>0.062629</td>\n",
       "      <td>-0.175673</td>\n",
       "      <td>0.005445</td>\n",
       "      <td>0.381544</td>\n",
       "      <td>-0.311816</td>\n",
       "      <td>0.107635</td>\n",
       "      <td>-0.123778</td>\n",
       "      <td>-0.071717</td>\n",
       "      <td>-0.258611</td>\n",
       "      <td>0.027745</td>\n",
       "      <td>-0.154088</td>\n",
       "      <td>0.956436</td>\n",
       "      <td>0.996743</td>\n",
       "      <td>1.000000</td>\n",
       "      <td>0.053782</td>\n",
       "      <td>0.359778</td>\n",
       "      <td>0.396230</td>\n",
       "      <td>0.381006</td>\n",
       "    </tr>\n",
       "    <tr>\n",
       "      <th>day</th>\n",
       "      <td>-0.271903</td>\n",
       "      <td>0.042550</td>\n",
       "      <td>0.546151</td>\n",
       "      <td>0.143201</td>\n",
       "      <td>0.013444</td>\n",
       "      <td>-0.429404</td>\n",
       "      <td>0.099615</td>\n",
       "      <td>0.075909</td>\n",
       "      <td>0.019399</td>\n",
       "      <td>-0.242700</td>\n",
       "      <td>0.032091</td>\n",
       "      <td>0.067334</td>\n",
       "      <td>0.055430</td>\n",
       "      <td>0.053782</td>\n",
       "      <td>1.000000</td>\n",
       "      <td>-0.051734</td>\n",
       "      <td>-0.045458</td>\n",
       "      <td>-0.048453</td>\n",
       "    </tr>\n",
       "    <tr>\n",
       "      <th>M0_count</th>\n",
       "      <td>-0.109794</td>\n",
       "      <td>-0.735108</td>\n",
       "      <td>-0.116389</td>\n",
       "      <td>0.172480</td>\n",
       "      <td>-0.666472</td>\n",
       "      <td>-0.020202</td>\n",
       "      <td>-0.494551</td>\n",
       "      <td>-0.609968</td>\n",
       "      <td>-0.791315</td>\n",
       "      <td>-0.187658</td>\n",
       "      <td>-0.706477</td>\n",
       "      <td>0.277480</td>\n",
       "      <td>0.340430</td>\n",
       "      <td>0.359778</td>\n",
       "      <td>-0.051734</td>\n",
       "      <td>1.000000</td>\n",
       "      <td>0.986784</td>\n",
       "      <td>0.996022</td>\n",
       "    </tr>\n",
       "    <tr>\n",
       "      <th>M1_count</th>\n",
       "      <td>-0.075218</td>\n",
       "      <td>-0.703678</td>\n",
       "      <td>-0.082649</td>\n",
       "      <td>0.203348</td>\n",
       "      <td>-0.659078</td>\n",
       "      <td>-0.032995</td>\n",
       "      <td>-0.463696</td>\n",
       "      <td>-0.564689</td>\n",
       "      <td>-0.757746</td>\n",
       "      <td>-0.147397</td>\n",
       "      <td>-0.673590</td>\n",
       "      <td>0.308432</td>\n",
       "      <td>0.375051</td>\n",
       "      <td>0.396230</td>\n",
       "      <td>-0.045458</td>\n",
       "      <td>0.986784</td>\n",
       "      <td>1.000000</td>\n",
       "      <td>0.997298</td>\n",
       "    </tr>\n",
       "    <tr>\n",
       "      <th>M_count</th>\n",
       "      <td>-0.091142</td>\n",
       "      <td>-0.720243</td>\n",
       "      <td>-0.098218</td>\n",
       "      <td>0.190021</td>\n",
       "      <td>-0.664599</td>\n",
       "      <td>-0.027303</td>\n",
       "      <td>-0.479210</td>\n",
       "      <td>-0.587075</td>\n",
       "      <td>-0.775459</td>\n",
       "      <td>-0.166136</td>\n",
       "      <td>-0.690716</td>\n",
       "      <td>0.295414</td>\n",
       "      <td>0.360588</td>\n",
       "      <td>0.381006</td>\n",
       "      <td>-0.048453</td>\n",
       "      <td>0.996022</td>\n",
       "      <td>0.997298</td>\n",
       "      <td>1.000000</td>\n",
       "    </tr>\n",
       "  </tbody>\n",
       "</table>\n",
       "</div>"
      ],
      "text/plain": [
       "                 TEMP       HUM      BATT     LIGHT   NOISE_A     PRESS  \\\n",
       "TEMP         1.000000  0.348004 -0.215066 -0.048114  0.277731 -0.216997   \n",
       "HUM          0.348004  1.000000  0.127964 -0.219791  0.590367 -0.200685   \n",
       "BATT        -0.215066  0.127964  1.000000  0.259032 -0.035350 -0.352320   \n",
       "LIGHT       -0.048114 -0.219791  0.259032  1.000000 -0.242790 -0.016363   \n",
       "NOISE_A      0.277731  0.590367 -0.035350 -0.242790  1.000000 -0.094918   \n",
       "PRESS       -0.216997 -0.200685 -0.352320 -0.016363 -0.094918  1.000000   \n",
       "CCS811_VOCS  0.192807  0.784337  0.227877 -0.095234  0.436473 -0.141142   \n",
       "CCS811_ECO2  0.274876  0.865434  0.241680 -0.032832  0.501627 -0.144661   \n",
       "SCD30_CO2    0.361620  0.931950  0.173005 -0.217748  0.705279 -0.183571   \n",
       "SCD30_TEMP   0.982783  0.438683 -0.116293 -0.032856  0.344176 -0.254121   \n",
       "SCD30_HUM    0.380277  0.996366  0.118250 -0.213316  0.559487 -0.202180   \n",
       "PM_1         0.117268 -0.149658 -0.006917  0.399301 -0.225660  0.086579   \n",
       "PM_25        0.073169 -0.176525  0.006553  0.382452 -0.297031  0.104803   \n",
       "PM_10        0.062629 -0.175673  0.005445  0.381544 -0.311816  0.107635   \n",
       "day         -0.271903  0.042550  0.546151  0.143201  0.013444 -0.429404   \n",
       "M0_count    -0.109794 -0.735108 -0.116389  0.172480 -0.666472 -0.020202   \n",
       "M1_count    -0.075218 -0.703678 -0.082649  0.203348 -0.659078 -0.032995   \n",
       "M_count     -0.091142 -0.720243 -0.098218  0.190021 -0.664599 -0.027303   \n",
       "\n",
       "             CCS811_VOCS  CCS811_ECO2  SCD30_CO2  SCD30_TEMP  SCD30_HUM  \\\n",
       "TEMP            0.192807     0.274876   0.361620    0.982783   0.380277   \n",
       "HUM             0.784337     0.865434   0.931950    0.438683   0.996366   \n",
       "BATT            0.227877     0.241680   0.173005   -0.116293   0.118250   \n",
       "LIGHT          -0.095234    -0.032832  -0.217748   -0.032856  -0.213316   \n",
       "NOISE_A         0.436473     0.501627   0.705279    0.344176   0.559487   \n",
       "PRESS          -0.141142    -0.144661  -0.183571   -0.254121  -0.202180   \n",
       "CCS811_VOCS     1.000000     0.935007   0.805563    0.277245   0.780386   \n",
       "CCS811_ECO2     0.935007     1.000000   0.890838    0.364789   0.865041   \n",
       "SCD30_CO2       0.805563     0.890838   1.000000    0.450857   0.921047   \n",
       "SCD30_TEMP      0.277245     0.364789   0.450857    1.000000   0.464199   \n",
       "SCD30_HUM       0.780386     0.865041   0.921047    0.464199   1.000000   \n",
       "PM_1           -0.126319    -0.072257  -0.207647    0.075309  -0.132487   \n",
       "PM_25          -0.132555    -0.079218  -0.252529    0.036651  -0.155959   \n",
       "PM_10          -0.123778    -0.071717  -0.258611    0.027745  -0.154088   \n",
       "day             0.099615     0.075909   0.019399   -0.242700   0.032091   \n",
       "M0_count       -0.494551    -0.609968  -0.791315   -0.187658  -0.706477   \n",
       "M1_count       -0.463696    -0.564689  -0.757746   -0.147397  -0.673590   \n",
       "M_count        -0.479210    -0.587075  -0.775459   -0.166136  -0.690716   \n",
       "\n",
       "                 PM_1     PM_25     PM_10       day  M0_count  M1_count  \\\n",
       "TEMP         0.117268  0.073169  0.062629 -0.271903 -0.109794 -0.075218   \n",
       "HUM         -0.149658 -0.176525 -0.175673  0.042550 -0.735108 -0.703678   \n",
       "BATT        -0.006917  0.006553  0.005445  0.546151 -0.116389 -0.082649   \n",
       "LIGHT        0.399301  0.382452  0.381544  0.143201  0.172480  0.203348   \n",
       "NOISE_A     -0.225660 -0.297031 -0.311816  0.013444 -0.666472 -0.659078   \n",
       "PRESS        0.086579  0.104803  0.107635 -0.429404 -0.020202 -0.032995   \n",
       "CCS811_VOCS -0.126319 -0.132555 -0.123778  0.099615 -0.494551 -0.463696   \n",
       "CCS811_ECO2 -0.072257 -0.079218 -0.071717  0.075909 -0.609968 -0.564689   \n",
       "SCD30_CO2   -0.207647 -0.252529 -0.258611  0.019399 -0.791315 -0.757746   \n",
       "SCD30_TEMP   0.075309  0.036651  0.027745 -0.242700 -0.187658 -0.147397   \n",
       "SCD30_HUM   -0.132487 -0.155959 -0.154088  0.032091 -0.706477 -0.673590   \n",
       "PM_1         1.000000  0.971183  0.956436  0.067334  0.277480  0.308432   \n",
       "PM_25        0.971183  1.000000  0.996743  0.055430  0.340430  0.375051   \n",
       "PM_10        0.956436  0.996743  1.000000  0.053782  0.359778  0.396230   \n",
       "day          0.067334  0.055430  0.053782  1.000000 -0.051734 -0.045458   \n",
       "M0_count     0.277480  0.340430  0.359778 -0.051734  1.000000  0.986784   \n",
       "M1_count     0.308432  0.375051  0.396230 -0.045458  0.986784  1.000000   \n",
       "M_count      0.295414  0.360588  0.381006 -0.048453  0.996022  0.997298   \n",
       "\n",
       "              M_count  \n",
       "TEMP        -0.091142  \n",
       "HUM         -0.720243  \n",
       "BATT        -0.098218  \n",
       "LIGHT        0.190021  \n",
       "NOISE_A     -0.664599  \n",
       "PRESS       -0.027303  \n",
       "CCS811_VOCS -0.479210  \n",
       "CCS811_ECO2 -0.587075  \n",
       "SCD30_CO2   -0.775459  \n",
       "SCD30_TEMP  -0.166136  \n",
       "SCD30_HUM   -0.690716  \n",
       "PM_1         0.295414  \n",
       "PM_25        0.360588  \n",
       "PM_10        0.381006  \n",
       "day         -0.048453  \n",
       "M0_count     0.996022  \n",
       "M1_count     0.997298  \n",
       "M_count      1.000000  "
      ]
     },
     "execution_count": 8,
     "metadata": {},
     "output_type": "execute_result"
    }
   ],
   "source": [
    "print(df.corr())"
   ]
  },
  {
   "cell_type": "markdown",
   "metadata": {},
   "source": [
    "Plot the time series on the same graph:"
   ]
  },
  {
   "cell_type": "code",
   "execution_count": 10,
   "metadata": {},
   "outputs": [
    {
     "data": {
