TIME,TEMP,HUM,BATT,LIGHT,NOISE_A,PRESS,CCS811_VOCS,CCS811_ECO2,SCD30_CO2,SCD30_TEMP,SCD30_HUM,PM_1,PM_25,PM_10
ISO 8601,C,%,%,Lux,dBA,kPa,ppb,ppm,ppm,C,%,ug/m3,ug/m3,ug/m3
Time,Temperature,Humidity,Battery,Light,Noise dBA,Barometric pressure,VOC Gas CCS811,eCO2 Gas CCS811,SCD30 CO2,SCD30 Temperature,SCD30 Humidity,PM 1.0,PM 2.5,PM 10.0
,55,56,10,14,53,58,113,112,158,160,161,89,87,88
2022-04-18T03:00:07Z,23.03,42.45,-1,0,44.01,100.83,null,null,403,25.46,34.45,0,0,0
2022-04-18T03:01:07Z,23.07,42.36,100,0,36.53,100.83,null,null,404,25.42,34.47,null,null,null
2022-04-18T03:02:07Z,23.14,42.32,100,0,38.80,100.83,null,null,407,25.49,34.45,null,null,null
2022-04-18T03:03:07Z,23.17,42.29,100,0,41.25,100.84,null,null,407,25.48,34.45,null,null,null
2022-04-18T03:04:07Z,23.20,42.28,100,0,37.33,100.84,null,null,403,25.48,34.45,null,null,null
2022-04-18T03:05:07Z,23.20,42.24,100,0,40.73,100.84,1.00,408.00,402,25.46,34.46,0,0,0
2022-04-18T03:06:07Z,23.24,42.16,100,0,36.72,100.83,32.00,615.00,401,25.45,34.43,null,null,null
2022-04-18T03:07:07Z,23.27,42.15,100,0,37.55,100.83,36.00,641.00,401,25.48,34.41,null,null,null
2022-04-18T03:08:07Z,23.30,42.15,100,0,38.57,100.83,39.00,656.00,401,25.48,34.48,null,null,null
2022-04-18T03:09:07Z,23.30,42.14,100,0,39.80,100.84,40.00,665.00,402,25.48,34.41,null,null,null
2022-04-18T03:10:07Z,23.31,42.10,100,0,42.24,100.84,41.00,671.00,401,25.44,34.43,0,0,0
2022-04-18T03:11:07Z,23.34,41.99,100,0,40.76,100.83,41.00,671.00,402,25.48,34.39,null,null,null
2022-04-18T03:12:07Z,23.34,42.05,100,0,41.10,100.84,40.00,665.00,401,25.46,34.38,null,null,null
2022-04-18T03:13:07Z,23.35,42.04,100,0,39.72,100.83,41.00,671.00,403,25.48,34.38,null,null,null
2022-04-18T03:14:07Z,23.37,41.97,100,0,38.33,100.84,42.00,678.00,399,25.46,34.38,null,null,null
2022-04-18T03:15:07Z,23.37,42.00,100,0,33.12,100.83,42.00,678.00,398,25.49,34.36,0,0,0
2022-04-18T03:16:07Z,23.41,41.89,100,0,38.44,100.83,42.00,678.00,396,25.48,34.39,null,null,null
2022-04-18T03:17:07Z,23.43,41.85,100,0,37.69,100.84,41.00,671.00,397,25.48,34.43,null,null,null
2022-04-18T03:18:07Z,23.44,41.87,100,0,38.45,100.83,42.00,678.00,399,25.48,34.36,null,null,null
2022-04-18T03:19:07Z,23.45,41.83,100,0,34.20,100.83,42.00,678.00,400,25.48,34.39,null,null,null
2022-04-18T03:20:07Z,23.44,41.94,100,0,35.31,100.83,37.00,649.00,399,25.48,34.39,0,0,0
2022-04-18T03:21:07Z,23.45,41.76,100,0,37.86,100.83,37.00,643.00,401,25.48,34.33,null,null,null
2022-04-18T03:22:07Z,23.50,41.81,100,0,33.09,100.83,41.00,671.00,402,25.46,34.37,null,null,null
2022-04-18T03:23:07Z,23.50,41.79,100,0,38.87,100.83,41.00,675.00,402,25.48,34.39,null,null,null
2022-04-18T03:24:07Z,23.48,41.72,100,0,37.87,100.83,43.00,683.00,399,25.49,34.36,null,null,null
2022-04-18T03:25:07Z,23.50,41.78,100,0,38.25,100.83,45.00,699.00,400,25.48,34.38,0,0,0
2022-04-18T03:26:07Z,23.50,41.65,100,0,39.51,100.83,41.00,675.00,400,25.49,34.35,null,null,null
2022-04-18T03:27:07Z,23.54,41.72,100,0,37.52,100.83,44.00,694.00,401,25.48,34.33,null,null,null
2022-04-18T03:28:07Z,23.53,41.73,100,0,38.85,100.83,44.00,694.00,400,25.48,34.33,null,null,null
2022-04-18T03:29:07Z,23.53,41.70,100,0,39.10,100.83,45.00,699.00,399,25.48,34.35,null,null,null
2022-04-18T03:30:07Z,23.53,41.68,100,0,36.20,100.83,45.00,699.00,400,25.50,34.35,0,0,0
2022-04-18T03:31:07Z,23.53,41.60,100,0,38.58,100.83,40.00,665.00,401,25.49,34.31,null,null,null
2022-04-18T03:32:07Z,23.54,41.64,100,0,39.58,100.83,40.00,665.00,401,25.49,34.32,null,null,null
2022-04-18T03:33:07Z,23.54,41.67,100,0,36.64,100.83,42.00,682.00,399,25.48,34.31,null,null,null
2022-04-18T03:34:07Z,23.48,41.69,100,0,37.09,100.83,44.00,694.00,402,25.49,34.38,null,null,null
2022-04-18T03:35:07Z,23.48,41.72,100,0,37.71,100.82,44.00,694.00,404,25.50,34.34,0,0,0
2022-04-18T03:36:07Z,23.48,41.69,100,0,38.93,100.83,44.00,694.00,408,25.49,34.32,null,null,null
2022-04-18T03:37:07Z,23.47,41.68,100,0,32.22,100.83,44.00,694.00,405,25.48,34.32,null,null,null
2022-04-18T03:38:07Z,23.44,41.72,100,0,40.98,100.83,44.00,694.00,405,25.50,34.31,null,null,null
2022-04-18T03:39:07Z,23.38,41.73,100,0,36.80,100.83,46.00,706.00,404,25.49,34.30,null,null,null
2022-04-18T03:40:07Z,23.38,41.72,100,0,37.28,100.83,46.00,706.00,403,25.46,34.32,0,0,0
2022-04-18T03:41:07Z,23.38,41.74,100,0,34.35,100.83,44.00,690.00,404,25.50,34.32,null,null,null
2022-04-18T03:42:07Z,23.39,41.78,100,0,35.65,100.83,38.00,652.00,404,25.49,34.26,null,null,null
2022-04-18T03:43:07Z,23.35,41.74,100,0,38.18,100.83,37.00,643.00,407,25.52,34.31,null,null,null
2022-04-18T03:44:07Z,23.34,41.76,100,0,35.15,100.83,44.00,690.00,409,25.49,34.27,null,null,null
2022-04-18T03:45:07Z,23.33,41.82,100,0,37.93,100.83,44.00,690.00,408,25.49,34.27,0,0,0
2022-04-18T03:46:07Z,23.33,41.80,100,0,38.59,100.83,41.00,672.00,406,25.49,34.30,null,null,null
2022-04-18T03:47:07Z,23.34,41.80,100,0,38.83,100.83,42.00,679.00,406,25.49,34.26,null,null,null
2022-04-18T03:48:07Z,23.31,41.81,100,0,36.40,100.83,43.00,683.00,407,25.50,34.25,null,null,null
2022-04-18T03:49:07Z,23.28,41.86,100,0,40.07,100.83,43.00,683.00,408,25.48,34.27,null,null,null
2022-04-18T03:50:07Z,23.27,41.85,100,0,39.34,100.84,45.00,697.00,406,25.50,34.29,0,0,0
2022-04-18T03:51:07Z,23.26,41.82,100,0,37.73,100.84,42.00,679.00,403,25.49,34.28,null,null,null
2022-04-18T03:52:07Z,23.27,41.84,100,0,37.80,100.83,42.00,679.00,402,25.48,34.25,null,null,null
2022-04-18T03:53:07Z,23.27,41.85,100,0,38.24,100.83,43.00,683.00,401,25.49,34.26,null,null,null
2022-04-18T03:54:07Z,23.26,41.83,100,0,40.42,100.83,42.00,682.00,402,25.48,34.22,null,null,null
2022-04-18T03:55:07Z,23.21,41.86,100,0,34.92,100.83,42.00,682.00,403,25.50,34.25,0,0,0
2022-04-18T03:56:07Z,23.24,41.82,100,0,35.12,100.83,40.00,665.00,405,25.48,34.25,null,null,null
2022-04-18T03:57:07Z,23.23,41.88,100,0,36.09,100.83,40.00,668.00,405,25.46,34.25,null,null,null
2022-04-18T03:58:07Z,23.20,41.87,100,0,37.05,100.83,36.00,641.00,405,25.49,34.26,null,null,null
2022-04-18T03:59:07Z,23.20,41.93,100,0,38.43,100.83,36.00,641.00,404,25.48,34.28,null,null,null
2022-04-18T04:00:07Z,23.20,41.90,100,0,36.10,100.84,39.00,656.00,403,25.49,34.28,0,0,0
2022-04-18T04:01:07Z,23.18,41.93,100,0,40.75,100.83,40.00,668.00,404,25.49,34.26,null,null,null
2022-04-18T04:02:07Z,23.18,41.87,100,0,35.94,100.84,41.00,675.00,404,25.48,34.30,null,null,null
2022-04-18T04:03:07Z,23.18,41.90,100,0,39.65,100.84,41.00,675.00,403,25.48,34.21,null,null,null
2022-04-18T04:04:07Z,23.18,41.91,100,0,40.42,100.84,43.00,683.00,402,25.46,34.27,null,null,null
2022-04-18T04:05:07Z,23.14,41.90,100,0,40.44,100.84,44.00,692.00,404,25.49,34.27,0,0,0
2022-04-18T04:06:07Z,23.17,41.94,100,0,39.63,100.84,41.00,675.00,404,25.48,34.27,null,null,null
2022-04-18T04:07:07Z,23.17,41.93,100,0,38.94,100.84,43.00,683.00,405,25.46,34.26,null,null,null
2022-04-18T04:08:07Z,23.16,41.92,100,0,38.68,100.84,41.00,675.00,403,25.46,34.25,null,null,null
2022-04-18T04:09:07Z,23.14,41.95,100,0,35.04,100.84,44.00,692.00,405,25.48,34.25,null,null,null
2022-04-18T04:10:07Z,23.14,41.98,100,0,37.99,100.84,44.00,692.00,404,25.46,34.28,0,0,0
2022-04-18T04:11:07Z,23.14,42.05,100,0,36.60,100.84,43.00,683.00,403,25.48,34.26,null,null,null
2022-04-18T04:12:07Z,23.13,42.02,100,0,38.35,100.84,43.00,683.00,403,25.45,34.23,null,null,null
2022-04-18T04:13:07Z,23.14,41.99,100,0,39.58,100.84,43.00,683.00,404,25.49,34.28,null,null,null
2022-04-18T04:14:07Z,23.14,41.98,100,0,37.07,100.84,43.00,683.00,405,25.45,34.25,null,null,null
2022-04-18T04:15:07Z,23.13,42.06,100,0,39.09,100.84,40.00,665.00,405,25.45,34.27,0,0,0
2022-04-18T04:16:07Z,23.14,42.03,100,0,41.11,100.84,37.00,645.00,405,25.45,34.28,null,null,null
2022-04-18T04:17:07Z,23.13,42.04,100,0,42.03,100.84,39.00,656.00,404,25.45,34.27,null,null,null
2022-04-18T04:18:07Z,23.13,41.99,100,0,39.44,100.84,44.00,692.00,405,25.44,34.27,null,null,null
2022-04-18T04:19:07Z,23.10,42.06,100,0,37.91,100.84,43.00,683.00,404,25.46,34.30,null,null,null
2022-04-18T04:20:07Z,23.10,42.05,100,0,39.89,100.84,44.00,692.00,402,25.44,34.29,0,0,0
2022-04-18T04:21:07Z,23.10,42.08,100,0,39.64,100.85,43.00,683.00,401,25.45,34.25,null,null,null
2022-04-18T04:22:07Z,23.11,42.00,100,0,42.63,100.85,43.00,683.00,401,25.46,34.30,null,null,null
2022-04-18T04:23:07Z,23.10,42.05,100,0,41.51,100.85,44.00,692.00,402,25.44,34.30,null,null,null
2022-04-18T04:24:07Z,23.10,42.05,100,0,39.64,100.84,45.00,699.00,400,25.45,34.31,null,null,null
2022-04-18T04:25:07Z,23.06,42.07,100,0,38.86,100.84,44.00,692.00,402,25.42,34.32,0,0,0
2022-04-18T04:26:07Z,23.10,42.13,100,0,37.06,100.85,43.00,683.00,398,25.44,34.32,null,null,null
2022-04-18T04:27:07Z,23.08,42.13,100,0,33.50,100.85,43.00,683.00,398,25.42,34.30,null,null,null
2022-04-18T04:28:07Z,23.08,42.12,100,0,37.00,100.85,43.00,683.00,402,25.45,34.33,null,null,null
2022-04-18T04:29:07Z,23.07,42.11,100,0,37.79,100.85,40.00,665.00,404,25.42,34.36,null,null,null
2022-04-18T04:30:07Z,23.06,42.16,100,0,34.85,100.85,40.00,665.00,407,25.45,34.31,0,0,0
2022-04-18T04:31:07Z,23.07,42.15,100,0,35.86,100.85,40.00,665.00,406,25.41,34.30,null,null,null
2022-04-18T04:32:07Z,23.06,42.12,100,0,43.25,100.85,44.00,692.00,405,25.44,34.33,null,null,null
2022-04-18T04:33:07Z,23.07,42.15,100,0,40.16,100.85,44.00,692.00,404,25.44,34.36,null,null,null
2022-04-18T04:34:07Z,23.04,42.15,100,0,33.27,100.85,45.00,699.00,403,25.45,34.32,null,null,null
2022-04-18T04:35:07Z,23.04,42.16,100,0,35.41,100.84,45.00,699.00,404,25.45,34.33,0,0,0
2022-04-18T04:36:07Z,23.06,42.24,100,0,40.34,100.85,43.00,683.00,403,25.45,34.33,null,null,null
2022-04-18T04:37:07Z,23.06,42.17,100,0,38.28,100.85,44.00,692.00,404,25.44,34.35,null,null,null
2022-04-18T04:38:07Z,23.06,42.25,100,0,38.64,100.85,45.00,699.00,404,25.42,34.33,null,null,null
2022-04-18T04:39:07Z,23.07,42.21,100,0,36.22,100.85,42.00,679.00,400,25.42,34.36,null,null,null
2022-04-18T04:40:07Z,23.03,42.23,100,0,37.95,100.85,45.00,699.00,400,25.39,34.35,0,0,0
2022-04-18T04:41:07Z,23.06,42.30,100,0,38.93,100.85,43.00,683.00,397,25.41,34.39,null,null,null
2022-04-18T04:42:07Z,23.06,42.28,100,0,37.81,100.85,42.00,679.00,396,25.42,34.38,null,null,null
2022-04-18T04:43:07Z,23.06,42.24,100,0,38.23,100.85,42.00,679.00,395,25.44,34.36,null,null,null
2022-04-18T04:44:07Z,23.03,42.20,100,0,37.25,100.85,40.00,665.00,395,25.42,34.41,null,null,null
2022-04-18T04:45:07Z,23.03,42.31,100,0,38.32,100.85,40.00,665.00,398,25.44,34.37,0,0,0
2022-04-18T04:46:07Z,23.04,42.36,100,0,36.18,100.85,41.00,672.00,398,25.41,34.37,null,null,null
2022-04-18T04:47:07Z,23.04,42.28,100,0,38.08,100.85,42.00,679.00,398,25.44,34.41,null,null,null
2022-04-18T04:48:07Z,23.04,42.25,100,0,39.49,100.85,42.00,679.00,399,25.42,34.42,null,null,null
2022-04-18T04:49:07Z,23.03,42.30,100,0,38.73,100.85,43.00,686.00,398,25.44,34.42,null,null,null
2022-04-18T04:50:07Z,23.00,42.34,100,0,42.73,100.85,43.00,686.00,400,25.38,34.39,0,0,0
2022-04-18T04:51:07Z,23.03,42.42,100,0,42.76,100.86,42.00,679.00,401,25.41,34.48,null,null,null
2022-04-18T04:52:07Z,23.04,42.32,100,0,39.05,100.86,42.00,679.00,402,25.41,34.42,null,null,null
2022-04-18T04:53:07Z,23.03,42.35,100,0,37.11,100.86,43.00,686.00,401,25.41,34.43,null,null,null
2022-04-18T04:54:07Z,23.04,42.32,100,0,36.97,100.85,39.00,656.00,398,25.41,34.39,null,null,null
2022-04-18T04:55:07Z,23.00,42.35,100,0,35.95,100.86,39.00,656.00,399,25.42,34.45,0,0,0
2022-04-18T04:56:07Z,23.00,42.40,100,0,38.55,100.86,42.00,679.00,404,25.41,34.47,null,null,null
2022-04-18T04:57:07Z,23.04,42.40,100,0,39.41,100.86,43.00,686.00,407,25.41,34.52,null,null,null
2022-04-18T04:58:07Z,23.03,42.39,100,0,37.98,100.85,43.00,686.00,407,25.39,34.44,null,null,null
2022-04-18T04:59:07Z,23.00,42.42,100,0,37.16,100.86,44.00,694.00,408,25.39,34.46,null,null,null
2022-04-18T05:00:07Z,23.02,42.38,100,0,34.04,100.86,44.00,694.00,409,25.39,34.44,0,0,0
2022-04-18T05:01:07Z,23.02,42.47,100,0,41.41,100.86,43.00,686.00,410,25.41,34.48,null,null,null
2022-04-18T05:02:07Z,23.03,42.43,100,0,41.84,100.86,43.00,686.00,409,25.41,34.48,null,null,null
2022-04-18T05:03:07Z,23.03,42.42,100,0,41.32,100.86,39.00,656.00,412,25.39,34.49,null,null,null
2022-04-18T05:04:07Z,23.00,42.43,100,0,39.83,100.86,39.00,656.00,411,25.39,34.51,null,null,null
2022-04-18T05:05:07Z,23.02,42.47,100,0,37.55,100.85,43.00,686.00,409,25.38,34.45,0,0,0
2022-04-18T05:06:07Z,23.00,42.51,100,0,35.40,100.86,43.00,686.00,409,25.42,34.51,null,null,null
2022-04-18T05:07:07Z,23.02,42.49,100,0,34.11,100.86,44.00,694.00,406,25.38,34.49,null,null,null
2022-04-18T05:08:07Z,23.00,42.42,100,0,35.04,100.86,43.00,686.00,406,25.41,34.51,null,null,null
2022-04-18T05:09:07Z,23.02,42.43,100,0,35.73,100.86,43.00,686.00,404,25.41,34.52,null,null,null
2022-04-18T05:10:07Z,23.00,42.47,100,0,42.13,100.86,43.00,686.00,404,25.39,34.51,0,0,0
2022-04-18T05:11:07Z,23.00,42.52,100,0,40.93,100.86,43.00,686.00,405,25.39,34.49,null,null,null
2022-04-18T05:12:07Z,23.03,42.47,100,0,38.12,100.86,43.00,686.00,406,25.39,34.53,null,null,null
2022-04-18T05:13:07Z,23.00,42.48,100,0,39.22,100.86,43.00,686.00,405,25.41,34.55,null,null,null
2022-04-18T05:14:07Z,23.02,42.51,100,0,37.40,100.86,39.00,656.00,406,25.41,34.51,null,null,null
2022-04-18T05:15:07Z,22.97,42.48,100,0,39.38,100.86,39.00,656.00,407,25.39,34.55,0,0,0
2022-04-18T05:16:07Z,23.00,42.56,100,0,39.68,100.87,40.00,665.00,406,25.39,34.55,null,null,null
2022-04-18T05:17:07Z,23.00,42.51,100,0,33.47,100.86,43.00,686.00,405,25.39,34.55,null,null,null
2022-04-18T05:18:07Z,23.00,42.51,100,0,38.34,100.86,43.00,686.00,404,25.38,34.54,null,null,null
2022-04-18T05:19:07Z,22.99,42.51,100,0,39.90,100.86,44.00,694.00,402,25.38,34.52,null,null,null
2022-04-18T05:20:07Z,22.97,42.51,100,0,41.04,100.87,44.00,694.00,400,25.39,34.57,0,0,0
2022-04-18T05:21:07Z,23.00,42.58,100,0,38.27,100.86,43.00,686.00,401,25.39,34.55,null,null,null
2022-04-18T05:22:07Z,22.99,42.55,100,0,38.83,100.87,43.00,686.00,400,25.39,34.58,null,null,null
2022-04-18T05:23:07Z,22.99,42.54,100,0,34.82,100.87,44.00,694.00,404,25.39,34.53,null,null,null
2022-04-18T05:24:07Z,22.99,42.51,100,0,40.77,100.87,43.00,686.00,405,25.39,34.55,null,null,null
2022-04-18T05:25:07Z,22.97,42.56,100,0,40.94,100.87,43.00,686.00,405,25.38,34.56,0,0,0
2022-04-18T05:26:07Z,22.99,42.63,100,0,40.74,100.87,41.00,672.00,403,25.38,34.54,null,null,null
2022-04-18T05:27:07Z,23.00,42.57,100,0,37.79,100.86,38.00,652.00,401,25.37,34.52,null,null,null
2022-04-18T05:28:07Z,23.02,42.56,100,0,40.49,100.86,39.00,656.00,400,25.39,34.56,null,null,null
2022-04-18T05:29:07Z,22.99,42.55,100,0,41.84,100.87,39.00,656.00,398,25.38,34.56,null,null,null
2022-04-18T05:30:07Z,22.96,42.55,100,0,36.84,100.86,41.00,672.00,397,25.37,34.62,0,0,0
2022-04-18T05:31:07Z,22.97,42.66,100,0,33.88,100.86,41.00,672.00,399,25.38,34.56,null,null,null
2022-04-18T05:32:07Z,23.02,42.58,100,0,38.20,100.87,42.00,679.00,400,25.38,34.58,null,null,null
2022-04-18T05:33:07Z,23.00,42.56,100,0,33.76,100.87,43.00,686.00,401,25.41,34.59,null,null,null
2022-04-18T05:34:07Z,22.97,42.61,100,0,38.48,100.86,43.00,686.00,403,25.38,34.60,null,null,null
2022-04-18T05:35:07Z,22.96,42.55,100,0,38.56,100.86,44.00,694.00,405,25.39,34.57,0,0,0
2022-04-18T05:36:07Z,23.00,42.64,100,0,38.37,100.87,43.00,686.00,404,25.39,34.61,null,null,null
2022-04-18T05:37:07Z,22.97,42.65,100,0,32.55,100.87,44.00,694.00,403,25.38,34.61,null,null,null
2022-04-18T05:38:07Z,22.99,42.59,100,0,36.91,100.87,43.00,686.00,403,25.38,34.60,null,null,null
2022-04-18T05:39:07Z,22.96,42.60,100,0,41.06,100.87,44.00,694.00,407,25.37,34.61,null,null,null
2022-04-18T05:40:07Z,22.97,42.64,100,0,39.96,100.87,44.00,694.00,407,25.38,34.60,0,0,0
2022-04-18T05:41:07Z,22.99,42.71,100,0,36.88,100.88,43.00,686.00,406,25.39,34.58,null,null,null
2022-04-18T05:42:07Z,22.99,42.62,100,0,35.51,100.87,43.00,686.00,406,25.38,34.60,null,null,null
2022-04-18T05:43:07Z,22.97,42.59,100,0,41.73,100.87,43.00,686.00,406,25.38,34.62,null,null,null
2022-04-18T05:44:07Z,22.97,42.60,100,0,37.33,100.87,43.00,686.00,409,25.37,34.61,null,null,null
2022-04-18T05:45:07Z,22.96,42.63,100,0,36.55,100.88,43.00,686.00,409,25.38,34.62,0,0,0
2022-04-18T05:46:07Z,22.97,42.70,100,0,40.25,100.87,38.00,652.00,411,25.38,34.60,null,null,null
2022-04-18T05:47:07Z,22.97,42.63,100,0,33.24,100.88,37.00,645.00,411,25.35,34.59,null,null,null
2022-04-18T05:48:07Z,22.97,42.67,100,0,41.07,100.88,39.00,656.00,413,25.37,34.61,null,null,null
2022-04-18T05:49:07Z,22.99,42.63,100,0,39.07,100.88,43.00,686.00,412,25.39,34.64,null,null,null
2022-04-18T05:50:07Z,22.96,42.63,100,0,39.25,100.88,42.00,679.00,412,25.37,34.62,0,0,0
2022-04-18T05:51:07Z,22.97,42.70,100,0,36.08,100.88,41.00,672.00,410,25.35,34.67,null,null,null
2022-04-18T05:52:07Z,22.99,42.65,100,0,41.13,100.88,43.00,686.00,410,25.37,34.59,null,null,null
2022-04-18T05:53:07Z,22.99,42.60,100,0,42.81,100.89,43.00,686.00,411,25.38,34.62,null,null,null
2022-04-18T05:54:07Z,22.96,42.63,100,0,35.85,100.88,44.00,694.00,409,25.37,34.62,null,null,null
2022-04-18T05:55:07Z,22.95,42.63,100,0,34.11,100.88,44.00,694.00,411,25.37,34.63,0,0,0
2022-04-18T05:56:07Z,22.97,42.67,100,0,37.05,100.88,43.00,686.00,412,25.37,34.63,null,null,null
2022-04-18T05:57:07Z,22.99,42.64,100,0,38.02,100.89,43.00,686.00,412,25.35,34.61,null,null,null
2022-04-18T05:58:07Z,22.99,42.64,100,0,41.12,100.89,44.00,694.00,412,25.35,34.62,null,null,null
2022-04-18T05:59:07Z,22.95,42.64,100,0,41.11,100.89,43.00,686.00,412,25.35,34.61,null,null,null
2022-04-18T06:00:07Z,22.95,42.68,100,0,38.34,100.89,44.00,694.00,409,25.37,34.63,0,0,0
2022-04-18T06:01:07Z,22.97,42.71,100,0,36.97,100.89,43.00,686.00,409,25.38,34.65,null,null,null
2022-04-18T06:02:07Z,22.99,42.63,100,0,38.26,100.89,43.00,686.00,409,25.38,34.65,null,null,null
2022-04-18T06:03:07Z,22.97,42.63,100,0,41.99,100.89,43.00,686.00,408,25.37,34.66,null,null,null
2022-04-18T06:04:07Z,22.97,42.67,100,0,40.32,100.89,39.00,656.00,409,25.34,34.60,null,null,null
2022-04-18T06:05:07Z,22.95,42.68,100,0,39.89,100.89,39.00,656.00,409,25.35,34.63,0,0,0
2022-04-18T06:06:07Z,22.96,42.72,100,0,37.64,100.89,37.00,645.00,409,25.35,34.65,null,null,null
2022-04-18T06:07:07Z,22.97,42.67,100,0,36.51,100.89,43.00,686.00,409,25.37,34.63,null,null,null
2022-04-18T06:08:07Z,22.97,42.66,100,0,37.07,100.89,43.00,686.00,410,25.34,34.62,null,null,null
2022-04-18T06:09:07Z,22.96,42.67,100,0,39.47,100.89,43.00,686.00,411,25.35,34.63,null,null,null
2022-04-18T06:10:07Z,22.95,42.68,100,0,38.03,100.89,43.00,686.00,411,25.35,34.65,0,0,0
2022-04-18T06:11:07Z,22.95,42.71,100,0,33.56,100.89,42.00,679.00,411,25.34,34.64,null,null,null
2022-04-18T06:12:07Z,22.96,42.67,100,0,41.10,100.89,43.00,686.00,411,25.35,34.65,null,null,null
2022-04-18T06:13:07Z,22.99,42.63,100,0,41.21,100.89,43.00,686.00,411,25.34,34.63,null,null,null
2022-04-18T06:14:07Z,22.95,42.68,100,0,39.96,100.89,44.00,694.00,414,25.37,34.66,null,null,null
2022-04-18T06:15:07Z,22.93,42.67,100,0,40.60,100.89,44.00,694.00,413,25.35,34.63,0,0,0
2022-04-18T06:16:07Z,22.95,42.74,100,0,37.70,100.89,42.00,679.00,410,25.34,34.63,null,null,null
2022-04-18T06:17:07Z,22.96,42.67,100,0,39.76,100.89,43.00,686.00,407,25.37,34.59,null,null,null
2022-04-18T06:18:07Z,22.96,42.64,100,0,35.79,100.90,43.00,686.00,410,25.34,34.63,null,null,null
2022-04-18T06:19:07Z,22.95,42.66,100,0,41.07,100.90,44.00,694.00,411,25.35,34.68,null,null,null
2022-04-18T06:20:07Z,22.93,42.68,100,0,44.03,100.89,44.00,694.00,410,25.35,34.63,0,0,0
2022-04-18T06:21:07Z,22.96,42.74,100,0,36.25,100.90,43.00,686.00,403,25.37,34.63,null,null,null
2022-04-18T06:22:07Z,22.99,42.66,100,0,37.32,100.90,43.00,686.00,402,25.37,34.63,null,null,null
2022-04-18T06:23:07Z,22.96,42.68,100,0,38.47,100.90,44.00,694.00,403,25.35,34.63,null,null,null
2022-04-18T06:24:07Z,22.97,42.68,100,0,41.30,100.90,43.00,686.00,403,25.37,34.62,null,null,null
2022-04-18T06:25:07Z,22.93,42.69,100,0,33.32,100.91,44.00,694.00,407,25.35,34.63,0,0,0
2022-04-18T06:26:07Z,22.95,42.71,100,0,39.42,100.91,43.00,686.00,407,25.37,34.65,null,null,null
2022-04-18T06:27:07Z,22.97,42.67,100,0,39.01,100.91,43.00,686.00,407,25.35,34.63,null,null,null
2022-04-18T06:28:07Z,22.96,42.64,100,0,38.46,100.91,43.00,686.00,408,25.32,34.65,null,null,null
2022-04-18T06:29:07Z,22.96,42.67,100,0,35.77,100.91,44.00,694.00,404,25.32,34.62,null,null,null
2022-04-18T06:30:07Z,22.95,42.70,100,0,36.41,100.91,44.00,694.00,405,25.35,34.67,0,0,0
2022-04-18T06:31:07Z,22.95,42.72,100,0,38.21,100.91,43.00,686.00,407,25.35,34.65,null,null,null
2022-04-18T06:32:07Z,22.96,42.62,100,0,39.29,100.92,42.00,679.00,408,25.34,34.65,null,null,null
2022-04-18T06:33:07Z,22.96,42.67,100,0,40.19,100.91,42.00,679.00,409,25.38,34.65,null,null,null
2022-04-18T06:34:07Z,22.93,42.68,100,0,39.29,100.92,43.00,686.00,408,25.35,34.65,null,null,null
2022-04-18T06:35:07Z,22.92,42.64,100,0,38.43,100.92,43.00,686.00,407,25.35,34.63,0,0,0
2022-04-18T06:36:07Z,22.93,42.70,100,0,39.72,100.92,43.00,686.00,410,25.32,34.63,null,null,null
2022-04-18T06:37:07Z,22.97,42.64,100,0,40.13,100.92,43.00,686.00,408,25.34,34.64,null,null,null
2022-04-18T06:38:07Z,22.96,42.63,100,0,40.31,100.92,42.00,679.00,407,25.34,34.58,null,null,null
2022-04-18T06:39:07Z,22.93,42.68,100,0,39.91,100.92,43.00,686.00,405,25.35,34.65,null,null,null
2022-04-18T06:40:07Z,22.93,42.67,100,0,34.26,100.92,39.00,656.00,405,25.34,34.63,0,0,0
2022-04-18T06:41:07Z,22.96,42.73,100,0,39.74,100.92,37.00,645.00,408,25.35,34.62,null,null,null
2022-04-18T06:42:07Z,22.96,42.60,100,0,37.50,100.92,38.00,652.00,411,25.35,34.62,null,null,null
2022-04-18T06:43:07Z,22.95,42.67,100,0,37.81,100.93,38.00,652.00,410,25.34,34.58,null,null,null
2022-04-18T06:44:07Z,22.95,42.64,100,0,35.45,100.93,42.00,679.00,408,25.35,34.61,null,null,null
2022-04-18T06:45:07Z,22.90,42.61,100,0,38.92,100.92,43.00,686.00,409,25.32,34.60,0,0,0
2022-04-18T06:46:07Z,22.96,42.63,100,0,39.26,100.93,41.00,672.00,407,25.32,34.60,null,null,null
2022-04-18T06:47:07Z,22.95,42.57,100,0,34.45,100.93,41.00,672.00,407,25.35,34.62,null,null,null
2022-04-18T06:48:07Z,22.95,42.60,100,0,36.20,100.93,42.00,679.00,405,25.34,34.58,null,null,null
2022-04-18T06:49:07Z,22.93,42.62,100,0,34.91,100.93,43.00,686.00,404,25.32,34.57,null,null,null
2022-04-18T06:50:07Z,22.93,42.59,100,0,40.28,100.93,43.00,686.00,403,25.34,34.59,0,0,0
2022-04-18T06:51:07Z,22.95,42.63,100,0,35.66,100.93,42.00,679.00,402,25.32,34.57,null,null,null
2022-04-18T06:52:07Z,22.97,42.57,100,0,35.70,100.94,42.00,679.00,404,25.32,34.57,null,null,null
2022-04-18T06:53:07Z,22.93,42.55,100,0,39.68,100.94,43.00,686.00,405,25.34,34.55,null,null,null
2022-04-18T06:54:07Z,22.95,42.59,100,0,35.88,100.93,42.00,679.00,404,25.32,34.62,null,null,null
2022-04-18T06:55:07Z,22.93,42.64,100,0,38.33,100.94,43.00,686.00,406,25.31,34.52,0,0,0
2022-04-18T06:56:07Z,22.93,42.57,100,0,35.66,100.94,41.00,672.00,403,25.32,34.55,null,null,null
2022-04-18T06:57:07Z,22.96,42.60,100,0,41.05,100.94,42.00,679.00,404,25.32,34.54,null,null,null
2022-04-18T06:58:07Z,22.95,42.52,100,0,35.53,100.94,42.00,679.00,405,25.32,34.58,null,null,null
2022-04-18T06:59:07Z,22.95,42.63,100,0,34.44,100.94,38.00,652.00,404,25.34,34.58,null,null,null
2022-04-18T07:00:07Z,22.93,42.53,100,0,37.26,100.95,38.00,652.00,405,25.34,34.52,0,0,0
2022-04-18T07:01:07Z,22.93,42.56,100,0,40.07,100.95,37.00,645.00,404,25.34,34.52,null,null,null
2022-04-18T07:02:07Z,22.95,42.53,100,0,36.14,100.95,39.00,656.00,403,25.32,34.55,null,null,null
2022-04-18T07:03:07Z,22.93,42.52,100,0,37.47,100.95,42.00,679.00,402,25.35,34.54,null,null,null
2022-04-18T07:04:07Z,22.93,42.46,100,0,42.43,100.95,42.00,679.00,399,25.32,34.59,null,null,null
2022-04-18T07:05:07Z,22.93,42.54,100,0,40.26,100.95,42.00,679.00,399,25.32,34.50,0,0,0
2022-04-18T07:06:07Z,22.93,42.49,100,0,41.60,100.95,41.00,672.00,403,25.34,34.53,null,null,null
2022-04-18T07:07:07Z,22.93,42.48,100,0,40.30,100.94,42.00,679.00,405,25.32,34.52,null,null,null
2022-04-18T07:08:07Z,22.95,42.45,100,0,33.50,100.95,42.00,679.00,408,25.32,34.49,null,null,null
2022-04-18T07:09:07Z,22.93,42.48,100,0,34.43,100.95,43.00,686.00,408,25.31,34.54,null,null,null
2022-04-18T07:10:07Z,22.92,42.50,100,0,37.60,100.96,43.00,686.00,403,25.32,34.47,0,0,0
2022-04-18T07:11:07Z,22.93,42.45,100,0,35.37,100.95,41.00,672.00,404,25.32,34.49,null,null,null
2022-04-18T07:12:07Z,22.96,42.44,100,0,38.39,100.95,42.00,679.00,403,25.32,34.49,null,null,null
2022-04-18T07:13:07Z,22.93,42.46,100,0,36.72,100.96,42.00,679.00,402,25.32,34.47,null,null,null
2022-04-18T07:14:07Z,22.92,42.45,100,0,37.66,100.96,42.00,679.00,403,25.34,34.50,null,null,null
2022-04-18T07:15:07Z,22.92,42.49,100,0,37.15,100.96,41.00,672.00,401,25.32,34.46,0,0,0
2022-04-18T07:16:07Z,22.93,42.44,100,0,36.73,100.96,35.00,631.00,403,25.32,34.46,null,null,null
2022-04-18T07:17:07Z,22.95,42.40,100,0,36.59,100.97,35.00,631.00,400,25.32,34.47,null,null,null
2022-04-18T07:18:07Z,22.95,42.40,100,0,36.51,100.97,37.00,645.00,400,25.35,34.45,null,null,null
2022-04-18T07:19:07Z,22.93,42.44,100,0,39.35,100.97,37.00,645.00,402,25.34,34.44,null,null,null
2022-04-18T07:20:07Z,22.95,42.47,100,0,38.58,100.97,38.00,652.00,403,25.32,34.46,0,0,0
2022-04-18T07:21:07Z,22.97,42.42,100,0,38.45,100.96,41.00,672.00,403,25.34,34.40,null,null,null
2022-04-18T07:22:07Z,22.95,42.40,100,0,38.89,100.96,41.00,672.00,401,25.31,34.46,null,null,null
2022-04-18T07:23:07Z,22.95,42.38,100,0,39.66,100.97,41.00,672.00,402,25.32,34.44,null,null,null
2022-04-18T07:24:07Z,22.93,42.41,100,0,36.27,100.97,41.00,672.00,405,25.31,34.43,null,null,null
2022-04-18T07:25:07Z,22.92,42.38,100,0,38.49,100.97,42.00,679.00,408,25.31,34.43,0,0,0
2022-04-18T07:26:07Z,22.95,42.40,100,0,38.12,100.97,41.00,672.00,407,25.32,34.38,null,null,null
2022-04-18T07:27:07Z,22.95,42.34,100,0,38.95,100.97,41.00,672.00,405,25.31,34.43,null,null,null
2022-04-18T07:28:07Z,22.96,42.37,100,0,38.61,100.97,42.00,679.00,404,25.35,34.40,null,null,null
2022-04-18T07:29:07Z,22.95,42.38,100,0,36.60,100.96,42.00,679.00,401,25.32,34.45,null,null,null
2022-04-18T07:30:07Z,22.92,42.41,100,0,41.04,100.97,43.00,686.00,399,25.34,34.41,0,0,0
2022-04-18T07:31:07Z,22.93,42.31,100,0,42.78,100.97,41.00,672.00,403,25.34,34.39,null,null,null
2022-04-18T07:32:07Z,22.96,42.36,100,0,43.61,100.96,41.00,672.00,404,25.32,34.38,null,null,null
2022-04-18T07:33:07Z,22.95,42.30,100,0,38.99,100.97,42.00,679.00,404,25.35,34.39,null,null,null
2022-04-18T07:34:07Z,22.93,42.38,100,0,39.61,100.97,42.00,679.00,405,25.32,34.40,null,null,null
2022-04-18T07:35:07Z,22.92,42.37,100,0,40.35,100.97,42.00,679.00,403,25.32,34.40,0,0,0
2022-04-18T07:36:07Z,22.95,42.29,100,0,36.38,100.97,40.00,665.00,399,25.34,34.34,null,null,null
2022-04-18T07:37:07Z,22.95,42.33,100,0,37.45,100.97,41.00,672.00,401,25.32,34.38,null,null,null
2022-04-18T07:38:07Z,22.93,42.34,100,0,39.38,100.97,41.00,672.00,402,25.34,34.36,null,null,null
2022-04-18T07:39:07Z,22.93,42.30,100,0,44.40,100.98,41.00,672.00,402,25.31,34.38,null,null,null
2022-04-18T07:40:07Z,22.90,42.33,100,0,40.69,100.98,42.00,679.00,400,25.32,34.41,0,0,0
2022-04-18T07:41:07Z,22.93,42.23,100,0,41.39,100.98,40.00,665.00,399,25.32,34.31,null,null,null
2022-04-18T07:42:07Z,22.95,42.26,100,0,39.76,100.98,41.00,675.00,400,25.34,34.36,null,null,null
2022-04-18T07:43:07Z,22.95,42.31,100,0,31.43,100.98,41.00,672.00,401,25.31,34.36,null,null,null
2022-04-18T07:44:07Z,22.93,42.30,100,0,37.73,100.98,41.00,672.00,405,25.32,34.33,null,null,null
2022-04-18T07:45:07Z,22.90,42.29,100,0,36.33,100.98,41.00,672.00,404,25.32,34.32,0,0,0
2022-04-18T07:46:07Z,22.95,42.25,100,0,35.47,100.98,35.00,634.00,403,25.34,34.32,null,null,null
2022-04-18T07:47:07Z,22.96,42.26,100,0,36.07,100.98,35.00,634.00,403,25.31,34.33,null,null,null
2022-04-18T07:48:07Z,22.95,42.22,100,0,35.86,100.98,35.00,634.00,403,25.32,34.35,null,null,null
2022-04-18T07:49:07Z,22.95,42.26,100,0,35.43,100.98,39.00,656.00,403,25.35,34.31,null,null,null
2022-04-18T07:50:07Z,22.93,42.29,100,0,40.77,100.99,38.00,652.00,404,25.32,34.28,0,0,0
2022-04-18T07:51:07Z,22.95,42.22,100,0,37.23,100.99,40.00,665.00,403,25.34,34.30,null,null,null
2022-04-18T07:52:07Z,22.96,42.23,100,0,37.78,100.99,41.00,675.00,403,25.29,34.28,null,null,null
2022-04-18T07:53:07Z,22.97,42.19,100,0,38.62,100.99,43.00,683.00,402,25.35,34.30,null,null,null
2022-04-18T07:54:07Z,22.95,42.25,100,0,36.83,100.99,43.00,683.00,401,25.32,34.27,null,null,null
2022-04-18T07:55:07Z,22.93,42.27,100,0,39.02,100.99,41.00,672.00,396,25.32,34.32,0,0,0
2022-04-18T07:56:07Z,22.93,42.18,100,0,38.54,100.99,41.00,672.00,398,25.32,34.31,null,null,null
2022-04-18T07:57:07Z,22.96,42.21,100,0,36.64,100.99,41.00,675.00,398,25.35,34.32,null,null,null
2022-04-18T07:58:07Z,22.97,42.19,100,0,37.68,100.99,41.00,675.00,400,25.32,34.27,null,null,null
2022-04-18T07:59:07Z,22.93,42.21,100,0,41.09,101.00,41.00,675.00,401,25.35,34.32,null,null,null
2022-04-18T08:00:07Z,22.92,42.22,100,0,37.61,101.00,44.00,692.00,402,25.35,34.26,0,0,0
2022-04-18T08:01:07Z,22.93,42.16,100,0,39.54,101.00,43.00,683.00,402,25.32,34.24,null,null,null
2022-04-18T08:02:07Z,22.95,42.18,100,0,37.99,101.01,43.00,683.00,401,25.34,34.27,null,null,null
2022-04-18T08:03:07Z,22.93,42.17,100,0,36.90,101.00,43.00,683.00,401,25.34,34.27,null,null,null
2022-04-18T08:04:07Z,22.95,42.17,100,0,39.63,101.00,43.00,683.00,401,25.32,34.23,null,null,null
2022-04-18T08:05:07Z,22.93,42.15,100,0,39.81,101.01,39.00,656.00,400,25.35,34.25,0,0,0
2022-04-18T08:06:07Z,22.96,42.14,100,0,36.04,101.00,36.00,641.00,401,25.35,34.21,null,null,null
2022-04-18T08:07:07Z,22.95,42.10,100,0,38.28,101.00,37.00,645.00,402,25.35,34.19,null,null,null
2022-04-18T08:08:07Z,22.97,42.08,100,0,36.01,101.00,37.00,645.00,403,25.34,34.28,null,null,null
2022-04-18T08:09:07Z,22.96,42.14,100,0,36.79,101.00,43.00,683.00,403,25.35,34.22,null,null,null
2022-04-18T08:10:07Z,22.95,42.14,100,0,36.73,101.00,43.00,683.00,400,25.32,34.24,0,0,0
2022-04-18T08:11:07Z,22.95,42.03,100,0,38.76,101.01,40.00,668.00,400,25.34,34.21,null,null,null
2022-04-18T08:12:07Z,22.95,42.07,100,0,34.73,101.00,41.00,675.00,399,25.34,34.17,null,null,null
2022-04-18T08:13:07Z,22.96,42.09,100,0,36.52,101.00,43.00,683.00,398,25.35,34.19,null,null,null
2022-04-18T08:14:07Z,22.97,42.07,100,0,40.63,101.00,43.00,683.00,398,25.34,34.21,null,null,null
2022-04-18T08:15:07Z,22.96,42.08,100,0,43.12,101.00,43.00,683.00,403,25.34,34.19,0,0,0
2022-04-18T08:16:07Z,22.97,41.98,100,0,36.44,101.00,40.00,668.00,400,25.35,34.14,null,null,null
2022-04-18T08:17:07Z,22.96,42.03,100,0,40.20,101.00,41.00,675.00,400,25.32,34.14,null,null,null
2022-04-18T08:18:07Z,22.97,42.05,100,0,34.05,101.00,43.00,683.00,401,25.32,34.17,null,null,null
2022-04-18T08:19:07Z,22.95,42.00,100,0,39.76,101.00,43.00,683.00,401,25.32,34.11,null,null,null
2022-04-18T08:20:07Z,22.95,42.07,100,0,36.86,100.99,43.00,683.00,404,25.31,34.16,0,0,0
2022-04-18T08:21:07Z,22.95,41.94,100,0,37.61,101.00,40.00,668.00,404,25.34,34.13,null,null,null
2022-04-18T08:22:07Z,22.97,41.96,100,0,41.41,101.00,39.00,656.00,402,25.35,34.14,null,null,null
2022-04-18T08:23:07Z,22.97,41.93,100,0,34.62,101.00,37.00,645.00,401,25.32,34.17,null,null,null
2022-04-18T08:24:07Z,22.95,41.95,100,0,39.39,101.00,37.00,645.00,399,25.35,34.16,null,null,null
2022-04-18T08:25:07Z,22.95,42.00,100,0,40.84,101.00,37.00,645.00,398,25.35,34.16,0,0,0
2022-04-18T08:26:07Z,22.95,41.94,100,0,33.09,101.00,40.00,665.00,400,25.34,34.10,null,null,null
2022-04-18T08:27:07Z,22.96,41.92,100,0,38.52,101.01,40.00,668.00,401,25.35,34.16,null,null,null
2022-04-18T08:28:07Z,22.97,41.92,100,0,39.89,101.01,41.00,675.00,400,25.32,34.11,null,null,null
2022-04-18T08:29:07Z,22.99,41.98,100,0,39.64,101.01,41.00,675.00,399,25.34,34.09,null,null,null
2022-04-18T08:30:07Z,22.93,41.95,100,0,35.80,101.01,43.00,683.00,400,25.35,34.08,0,0,0
2022-04-18T08:31:07Z,22.97,41.84,100,0,37.45,101.02,41.00,675.00,400,25.34,34.08,null,null,null
2022-04-18T08:32:07Z,22.97,41.87,100,0,35.04,101.01,41.00,675.00,403,25.35,34.05,null,null,null
2022-04-18T08:33:07Z,22.96,41.92,100,0,41.16,101.02,41.00,675.00,402,25.34,34.12,null,null,null
2022-04-18T08:34:07Z,22.97,41.89,100,0,42.89,101.02,41.00,675.00,403,25.34,34.09,null,null,null
2022-04-18T08:35:07Z,22.95,41.89,100,0,39.54,101.02,43.00,683.00,403,25.34,34.05,0,0,0
2022-04-18T08:36:07Z,22.96,41.85,100,0,37.90,101.03,40.00,668.00,403,25.34,34.04,null,null,null
2022-04-18T08:37:07Z,22.97,41.83,100,0,33.75,101.03,41.00,675.00,403,25.32,34.08,null,null,null
2022-04-18T08:38:07Z,22.97,41.87,100,0,38.50,101.02,41.00,675.00,404,25.35,34.03,null,null,null
2022-04-18T08:39:07Z,22.96,41.87,100,0,44.27,101.03,40.00,668.00,403,25.32,34.04,null,null,null
2022-04-18T08:40:07Z,22.93,41.84,100,0,40.78,101.03,41.00,675.00,404,25.35,34.04,0,0,0
2022-04-18T08:41:07Z,22.96,41.76,100,0,36.34,101.02,41.00,675.00,404,25.34,34.04,null,null,null
2022-04-18T08:42:07Z,22.96,41.79,100,0,37.27,101.03,40.00,665.00,404,25.34,34.01,null,null,null
2022-04-18T08:43:07Z,22.96,41.84,100,0,35.94,101.03,40.00,668.00,404,25.34,33.96,null,null,null
2022-04-18T08:44:07Z,22.97,41.85,100,0,41.12,101.03,41.00,675.00,400,25.32,33.95,null,null,null
2022-04-18T08:45:07Z,22.95,41.85,100,0,42.15,101.03,41.00,675.00,399,25.32,34.00,0,0,0
2022-04-18T08:46:07Z,22.99,41.73,100,0,38.54,101.03,36.00,641.00,403,25.35,34.00,null,null,null
2022-04-18T08:47:07Z,22.99,41.75,100,0,35.25,101.03,38.00,650.00,403,25.37,33.93,null,null,null
2022-04-18T08:48:07Z,22.97,41.73,100,0,42.21,101.03,36.00,641.00,403,25.35,33.93,null,null,null
2022-04-18T08:49:07Z,22.97,41.77,100,0,36.01,101.03,38.00,650.00,403,25.34,33.98,null,null,null
2022-04-18T08:50:07Z,22.95,41.80,100,0,39.43,101.04,37.00,645.00,404,25.37,33.90,0,0,0
2022-04-18T08:51:07Z,22.97,41.64,100,0,37.26,101.04,35.00,634.00,403,25.35,33.90,null,null,null
2022-04-18T08:52:07Z,22.99,41.61,100,0,37.65,101.04,37.00,643.00,404,25.38,33.87,null,null,null
2022-04-18T08:53:07Z,22.99,41.71,100,0,40.82,101.04,38.00,650.00,404,25.35,33.87,null,null,null
2022-04-18T08:54:07Z,22.97,41.66,100,0,40.11,101.04,38.00,650.00,405,25.37,33.90,null,null,null
2022-04-18T08:55:07Z,22.96,41.68,100,0,40.06,101.04,38.00,650.00,409,25.37,33.86,0,0,0
2022-04-18T08:56:07Z,22.97,41.50,100,0,38.59,101.04,36.00,638.00,408,25.35,33.83,null,null,null
2022-04-18T08:57:07Z,23.02,41.61,100,0,35.13,101.04,37.00,643.00,405,25.37,33.83,null,null,null
2022-04-18T08:58:07Z,22.99,41.60,100,0,37.88,101.04,38.00,650.00,405,25.35,33.80,null,null,null
2022-04-18T08:59:07Z,22.99,41.58,100,0,37.70,101.05,38.00,650.00,406,25.35,33.83,null,null,null
2022-04-18T09:00:07Z,22.99,41.62,100,0,37.14,101.05,40.00,666.00,407,25.35,33.80,0,0,0
2022-04-18T09:01:07Z,22.99,41.45,100,0,36.13,101.05,40.00,666.00,409,25.38,33.73,null,null,null
2022-04-18T09:02:07Z,23.00,41.49,100,0,39.98,101.05,41.00,674.00,408,25.37,33.75,null,null,null
2022-04-18T09:03:07Z,22.99,41.48,100,0,42.91,101.05,41.00,674.00,407,25.35,33.72,null,null,null
2022-04-18T09:04:07Z,22.97,41.49,100,0,38.60,101.05,42.00,678.00,407,25.37,33.72,null,null,null
2022-04-18T09:05:07Z,22.96,41.49,100,0,41.54,101.05,42.00,678.00,406,25.35,33.72,0,0,0
2022-04-18T09:06:07Z,22.99,41.33,100,0,40.26,101.06,40.00,666.00,407,25.35,33.70,null,null,null
2022-04-18T09:07:07Z,22.99,41.38,100,0,36.81,101.05,41.00,674.00,407,25.37,33.67,null,null,null
2022-04-18T09:08:07Z,23.00,41.41,100,0,39.34,101.05,41.00,674.00,407,25.37,33.66,null,null,null
2022-04-18T09:09:07Z,22.99,41.39,100,0,37.86,101.04,42.00,678.00,407,25.38,33.64,null,null,null
2022-04-18T09:10:07Z,22.97,41.45,100,0,38.93,101.04,42.00,678.00,406,25.35,33.65,0,0,0
2022-04-18T09:11:07Z,23.00,41.15,100,0,38.43,101.04,41.00,674.00,406,25.39,33.58,null,null,null
2022-04-18T09:12:07Z,23.02,41.29,100,0,37.21,101.05,43.00,688.00,405,25.37,33.59,null,null,null
2022-04-18T09:13:07Z,23.02,41.29,100,0,37.04,101.05,42.00,678.00,405,25.38,33.56,null,null,null
2022-04-18T09:14:07Z,22.99,41.22,100,0,35.28,101.05,42.00,678.00,407,25.38,33.49,null,null,null
2022-04-18T09:15:07Z,22.99,41.27,100,0,43.09,101.04,45.00,697.00,405,25.35,33.52,0,0,0
2022-04-18T09:16:07Z,23.00,41.08,100,0,39.27,101.05,41.00,674.00,406,25.38,33.47,null,null,null
2022-04-18T09:17:07Z,23.02,41.16,100,0,36.97,101.05,43.00,688.00,406,25.38,33.49,null,null,null
2022-04-18T09:18:07Z,23.03,41.18,100,0,36.34,101.05,43.00,688.00,403,25.37,33.51,null,null,null
2022-04-18T09:19:07Z,23.03,41.18,100,0,38.92,101.05,43.00,688.00,404,25.38,33.44,null,null,null
2022-04-18T09:20:07Z,23.00,41.26,100,0,37.54,101.05,43.00,688.00,401,25.39,33.45,0,0,0
2022-04-18T09:21:07Z,23.02,40.96,100,0,40.33,101.05,40.00,666.00,400,25.38,33.39,null,null,null
2022-04-18T09:22:07Z,23.02,41.01,100,0,38.54,101.05,43.00,683.00,402,25.37,33.37,null,null,null
2022-04-18T09:23:07Z,23.03,41.07,100,0,41.63,101.05,43.00,683.00,403,25.38,33.39,null,null,null
2022-04-18T09:24:07Z,23.04,41.06,100,0,36.32,101.05,43.00,683.00,406,25.41,33.38,null,null,null
2022-04-18T09:25:07Z,23.02,41.07,100,0,34.82,101.06,43.00,688.00,406,25.39,33.35,0,0,0
2022-04-18T09:26:07Z,23.00,40.78,100,0,40.91,101.05,43.00,683.00,406,25.38,33.30,null,null,null
2022-04-18T09:27:07Z,23.04,40.86,100,0,36.95,101.05,43.00,683.00,405,25.38,33.31,null,null,null
2022-04-18T09:28:07Z,23.03,40.91,100,0,43.49,101.05,43.00,683.00,407,25.41,33.31,null,null,null
2022-04-18T09:29:07Z,23.02,40.97,100,0,39.84,101.05,43.00,683.00,406,25.38,33.31,null,null,null
2022-04-18T09:30:07Z,23.02,40.99,100,0,41.64,101.05,43.00,688.00,405,25.39,33.34,0,0,0
2022-04-18T09:31:07Z,23.03,40.63,100,0,40.40,101.05,41.00,675.00,405,25.39,33.20,null,null,null
2022-04-18T09:32:07Z,23.04,40.81,100,0,38.18,101.06,43.00,688.00,405,25.41,33.16,null,null,null
2022-04-18T09:33:07Z,23.04,40.81,100,0,36.88,101.05,37.00,646.00,403,25.38,33.18,null,null,null
2022-04-18T09:34:07Z,23.03,40.86,100,0,38.63,101.05,37.00,646.00,400,25.41,33.18,null,null,null
2022-04-18T09:35:07Z,23.02,40.83,100,0,35.48,101.05,38.00,652.00,401,25.42,33.20,0,0,0
2022-04-18T09:36:07Z,23.03,40.55,100,0,36.38,101.05,39.00,659.00,400,25.41,33.11,null,null,null
2022-04-18T09:37:07Z,23.02,40.65,100,0,35.93,101.06,41.00,675.00,399,25.42,33.12,null,null,null
2022-04-18T09:38:07Z,23.04,40.72,100,0,42.07,101.06,41.00,675.00,402,25.41,33.10,null,null,null
2022-04-18T09:39:07Z,23.03,40.72,100,0,36.73,101.06,43.00,688.00,400,25.42,33.12,null,null,null
2022-04-18T09:40:07Z,23.04,40.69,100,0,38.47,101.06,43.00,688.00,401,25.41,33.11,0,0,0
2022-04-18T09:41:07Z,23.04,40.42,100,0,40.03,101.06,41.00,672.00,402,25.42,32.97,null,null,null
2022-04-18T09:42:07Z,23.04,40.51,100,0,43.74,101.06,41.00,675.00,401,25.42,33.02,null,null,null
2022-04-18T09:43:07Z,23.04,40.57,100,0,36.98,101.06,43.00,688.00,401,25.42,32.99,null,null,null
2022-04-18T09:44:07Z,23.06,40.57,100,0,41.43,101.07,45.00,697.00,403,25.42,32.97,null,null,null
2022-04-18T09:45:07Z,23.04,40.57,100,0,40.13,101.07,43.00,688.00,405,25.42,32.97,0,0,0
2022-04-18T09:46:07Z,23.06,40.31,100,0,39.34,101.07,41.00,672.00,401,25.42,32.91,null,null,null
2022-04-18T09:47:07Z,23.04,40.43,100,0,41.65,101.07,41.00,675.00,402,25.41,32.89,null,null,null
2022-04-18T09:48:07Z,23.06,40.46,100,0,40.77,101.07,43.00,688.00,403,25.41,32.97,null,null,null
2022-04-18T09:49:07Z,23.06,40.47,100,0,39.48,101.07,43.00,688.00,401,25.41,32.93,null,null,null
2022-04-18T09:50:07Z,23.04,40.53,100,0,36.83,101.06,43.00,688.00,401,25.44,32.95,0,0,0
2022-04-18T09:51:07Z,23.07,40.30,100,0,37.21,101.06,41.00,672.00,402,25.42,32.86,null,null,null
2022-04-18T09:52:07Z,23.06,40.39,100,0,38.72,101.06,41.00,675.00,405,25.41,32.85,null,null,null
2022-04-18T09:53:07Z,23.06,40.41,100,0,38.08,101.06,38.00,650.00,404,25.44,32.86,null,null,null
2022-04-18T09:54:07Z,23.06,40.44,100,0,39.11,101.06,38.00,650.00,404,25.42,32.86,null,null,null
2022-04-18T09:55:07Z,23.06,40.44,100,0,40.99,101.06,39.00,657.00,405,25.42,32.85,0,0,0
2022-04-18T09:56:07Z,23.06,40.18,100,0,38.05,101.06,37.00,643.00,404,25.41,32.79,null,null,null
2022-04-18T09:57:07Z,23.07,40.29,100,0,35.91,101.06,43.00,686.00,402,25.45,32.77,null,null,null
2022-04-18T09:58:07Z,23.07,40.30,100,0,36.69,101.06,41.00,675.00,401,25.42,32.75,null,null,null
2022-04-18T09:59:07Z,23.06,40.30,100,0,38.38,101.06,41.00,675.00,404,25.45,32.74,null,null,null
2022-04-18T10:00:07Z,23.07,40.31,100,0,37.07,101.06,43.00,688.00,407,25.42,32.75,0,0,0
2022-04-18T10:01:07Z,23.08,40.05,100,0,37.70,101.06,41.00,675.00,405,25.45,32.69,null,null,null
2022-04-18T10:02:07Z,23.10,40.16,100,0,42.98,101.06,45.00,699.00,407,25.44,32.71,null,null,null
2022-04-18T10:03:07Z,23.08,40.19,100,0,41.53,101.06,43.00,686.00,408,25.45,32.61,null,null,null
2022-04-18T10:04:07Z,23.08,40.18,100,0,41.18,101.06,43.00,686.00,409,25.44,32.69,null,null,null
2022-04-18T10:05:07Z,23.06,40.23,100,0,39.26,101.07,45.00,699.00,411,25.45,32.67,0,0,0
2022-04-18T10:06:07Z,23.07,39.92,100,0,33.74,101.06,45.00,699.00,411,25.44,32.62,null,null,null
2022-04-18T10:07:07Z,23.11,40.00,100,0,39.69,101.07,43.00,686.00,408,25.44,32.59,null,null,null
2022-04-18T10:08:07Z,23.08,40.11,100,0,37.07,101.07,43.00,686.00,408,25.46,32.55,null,null,null
2022-04-18T10:09:07Z,23.08,40.09,100,0,35.96,101.07,43.00,686.00,406,25.45,32.57,null,null,null
2022-04-18T10:10:07Z,23.07,40.15,100,0,35.43,101.07,43.00,686.00,407,25.45,32.60,0,0,0
2022-04-18T10:11:07Z,23.08,39.81,100,0,35.16,101.07,38.00,652.00,405,25.46,32.57,null,null,null
2022-04-18T10:12:07Z,23.13,39.91,100,0,38.45,101.07,36.00,640.00,405,25.45,32.51,null,null,null
2022-04-18T10:13:07Z,23.10,39.99,100,0,39.88,101.07,38.00,652.00,405,25.46,32.53,null,null,null
2022-04-18T10:14:07Z,23.11,40.00,100,0,36.80,101.07,42.00,682.00,406,25.46,32.51,null,null,null
2022-04-18T10:15:07Z,23.10,40.01,100,0,41.47,101.07,42.00,682.00,408,25.46,32.51,0,0,0
2022-04-18T10:16:07Z,23.11,39.66,100,0,36.92,101.07,41.00,674.00,406,25.45,32.42,null,null,null
2022-04-18T10:17:07Z,23.11,39.81,100,0,39.33,101.07,43.00,683.00,405,25.46,32.44,null,null,null
2022-04-18T10:18:07Z,23.11,39.86,100,0,37.32,101.07,42.00,682.00,406,25.45,32.44,null,null,null
2022-04-18T10:19:07Z,23.11,39.89,100,0,35.41,101.07,42.00,682.00,406,25.46,32.43,null,null,null
2022-04-18T10:20:07Z,23.13,39.89,100,0,40.06,101.07,42.00,682.00,405,25.48,32.39,0,0,0
2022-04-18T10:21:07Z,23.10,39.57,100,0,39.59,101.07,41.00,674.00,405,25.49,32.35,null,null,null
2022-04-18T10:22:07Z,23.13,39.73,100,0,33.98,101.07,43.00,683.00,406,25.46,32.30,null,null,null
2022-04-18T10:23:07Z,23.10,39.72,100,0,38.92,101.07,43.00,683.00,403,25.49,32.29,null,null,null
2022-04-18T10:24:07Z,23.11,39.74,100,0,39.99,101.07,43.00,683.00,402,25.46,32.30,null,null,null
2022-04-18T10:25:07Z,23.11,39.82,100,0,40.12,101.06,42.00,678.00,404,25.49,32.32,0,0,0
2022-04-18T10:26:07Z,23.13,39.47,100,0,33.96,101.07,34.00,629.00,403,25.48,32.24,null,null,null
2022-04-18T10:27:07Z,23.14,39.61,100,0,36.38,101.07,37.00,645.00,405,25.46,32.26,null,null,null
2022-04-18T10:28:07Z,23.11,39.65,100,0,38.85,101.06,42.00,678.00,407,25.49,32.23,null,null,null
2022-04-18T10:29:07Z,23.11,39.69,100,0,36.61,101.07,43.00,683.00,407,25.48,32.24,null,null,null
2022-04-18T10:30:07Z,23.11,39.71,100,0,39.44,101.07,43.00,683.00,405,25.48,32.20,0,0,0
2022-04-18T10:31:07Z,23.13,39.36,100,0,36.74,101.07,41.00,671.00,406,25.46,32.17,null,null,null
2022-04-18T10:32:07Z,23.13,39.51,100,0,42.20,101.06,42.00,678.00,406,25.49,32.16,null,null,null
2022-04-18T10:33:07Z,23.13,39.57,100,0,36.05,101.07,43.00,683.00,408,25.49,32.20,null,null,null
2022-04-18T10:34:07Z,23.14,39.55,100,0,41.79,101.07,43.00,683.00,408,25.48,32.16,null,null,null
2022-04-18T10:35:07Z,23.10,39.56,100,0,38.02,101.07,43.00,683.00,411,25.48,32.13,0,0,0
2022-04-18T10:36:07Z,23.14,39.29,100,0,37.58,101.07,42.00,678.00,409,25.48,32.12,null,null,null
2022-04-18T10:37:07Z,23.16,39.42,100,0,36.12,101.07,42.00,678.00,408,25.48,32.12,null,null,null
2022-04-18T10:38:07Z,23.16,39.46,100,0,36.82,101.07,43.00,683.00,407,25.50,32.09,null,null,null
2022-04-18T10:39:07Z,23.14,39.46,100,0,36.77,101.07,42.00,678.00,404,25.49,32.12,null,null,null
2022-04-18T10:40:07Z,23.10,39.50,100,0,41.25,101.07,41.00,671.00,402,25.49,32.08,0,0,0
2022-04-18T10:41:07Z,23.13,39.20,100,0,38.16,101.07,37.00,645.00,404,25.50,32.05,null,null,null
2022-04-18T10:42:07Z,23.16,39.34,100,0,37.74,101.07,39.00,659.00,405,25.49,32.02,null,null,null
2022-04-18T10:43:07Z,23.16,39.36,100,0,41.74,101.06,38.00,653.00,405,25.50,31.99,null,null,null
2022-04-18T10:44:07Z,23.13,39.40,100,0,40.72,101.06,42.00,678.00,405,25.54,32.04,null,null,null
2022-04-18T10:45:07Z,23.13,39.40,100,0,38.69,101.06,43.00,683.00,406,25.52,32.04,0,0,0
2022-04-18T10:46:07Z,23.11,39.15,100,0,37.78,101.06,39.00,660.00,406,25.50,31.94,null,null,null
2022-04-18T10:47:07Z,23.14,39.26,100,0,41.00,101.06,42.00,682.00,406,25.50,31.98,null,null,null
2022-04-18T10:48:07Z,23.13,39.31,100,0,39.09,101.06,42.00,682.00,406,25.49,31.96,null,null,null
2022-04-18T10:49:07Z,23.16,39.35,100,0,40.36,101.06,42.00,678.00,405,25.52,31.95,null,null,null
2022-04-18T10:50:07Z,23.13,39.35,100,0,37.03,101.07,43.00,683.00,403,25.50,31.95,0,0,0
2022-04-18T10:51:07Z,23.16,39.04,100,0,39.22,101.06,42.00,678.00,405,25.52,31.85,null,null,null
2022-04-18T10:52:07Z,23.18,39.16,100,0,38.54,101.06,44.00,690.00,405,25.52,31.91,null,null,null
2022-04-18T10:53:07Z,23.17,39.24,100,0,38.88,101.06,44.00,690.00,408,25.50,31.87,null,null,null
2022-04-18T10:54:07Z,23.16,39.28,100,0,36.10,101.06,44.00,690.00,406,25.50,31.89,null,null,null
2022-04-18T10:55:07Z,23.16,39.30,100,0,33.84,101.06,43.00,683.00,407,25.54,31.83,0,0,0
2022-04-18T10:56:07Z,23.17,38.97,100,0,36.40,101.07,41.00,671.00,405,25.52,31.85,null,null,null
2022-04-18T10:57:07Z,23.20,39.12,100,0,38.06,101.07,42.00,682.00,407,25.55,31.84,null,null,null
2022-04-18T10:58:07Z,23.18,39.20,100,0,40.69,101.06,42.00,682.00,408,25.54,31.73,null,null,null
2022-04-18T10:59:07Z,23.18,39.18,100,0,36.38,101.06,42.00,682.00,409,25.55,31.78,null,null,null
2022-04-18T11:00:07Z,23.16,39.12,100,0,37.26,101.07,44.00,690.00,407,25.54,31.71,0,0,0
2022-04-18T11:01:07Z,23.18,38.81,100,0,31.81,101.07,40.00,666.00,407,25.54,31.65,null,null,null
2022-04-18T11:02:07Z,23.20,39.00,100,0,39.36,101.07,41.00,674.00,407,25.55,31.66,null,null,null
2022-04-18T11:03:07Z,23.18,39.05,100,0,39.34,101.06,41.00,674.00,409,25.54,31.63,null,null,null
2022-04-18T11:04:07Z,23.18,39.12,100,0,41.28,101.07,37.00,649.00,408,25.55,31.57,null,null,null
2022-04-18T11:05:07Z,23.20,39.07,100,0,40.31,101.07,39.00,656.00,407,25.54,31.60,0,0,0
2022-04-18T11:06:07Z,23.20,38.74,100,0,37.65,101.07,36.00,637.00,409,25.52,31.45,null,null,null
2022-04-18T11:07:07Z,23.21,38.86,100,0,36.93,101.07,42.00,678.00,408,25.54,31.57,null,null,null
2022-04-18T11:08:07Z,23.21,38.94,100,0,34.01,101.07,40.00,666.00,408,25.54,31.54,null,null,null
2022-04-18T11:09:07Z,23.18,38.94,100,0,35.68,101.07,41.00,674.00,405,25.52,31.48,null,null,null
2022-04-18T11:10:07Z,23.18,38.99,100,0,38.92,101.07,44.00,690.00,403,25.54,31.48,0,0,0
2022-04-18T11:11:07Z,23.20,38.67,100,0,38.64,101.07,39.00,659.00,406,25.52,31.45,null,null,null
2022-04-18T11:12:07Z,23.20,38.80,100,0,39.75,101.06,43.00,686.00,405,25.54,31.46,null,null,null
2022-04-18T11:13:07Z,23.20,38.90,100,0,39.43,101.07,41.00,674.00,406,25.50,31.47,null,null,null
2022-04-18T11:14:07Z,23.18,38.88,100,0,39.90,101.07,41.00,674.00,405,25.54,31.46,null,null,null
2022-04-18T11:15:07Z,23.20,38.86,100,0,37.27,101.07,42.00,682.00,405,25.54,31.46,0,0,0
2022-04-18T11:16:07Z,23.20,38.52,100,0,36.87,101.07,39.00,659.00,405,25.55,31.40,null,null,null
2022-04-18T11:17:07Z,23.23,38.73,100,0,38.38,101.07,42.00,678.00,404,25.54,31.40,null,null,null
2022-04-18T11:18:07Z,23.20,38.74,100,0,39.58,101.07,38.00,652.00,407,25.55,31.46,null,null,null
2022-04-18T11:19:07Z,23.23,38.77,100,0,41.52,101.07,38.00,652.00,407,25.55,31.40,null,null,null
2022-04-18T11:20:07Z,23.20,38.80,100,0,40.81,101.07,37.00,649.00,409,25.52,31.40,0,0,0
2022-04-18T11:21:07Z,23.20,38.44,100,0,35.70,101.07,39.00,659.00,410,25.52,31.33,null,null,null
2022-04-18T11:22:07Z,23.23,38.63,100,0,38.49,101.07,41.00,672.00,410,25.55,31.30,null,null,null
2022-04-18T11:23:07Z,23.21,38.67,100,0,42.01,101.07,42.00,678.00,408,25.57,31.32,null,null,null
2022-04-18T11:24:07Z,23.24,38.74,100,0,35.29,101.06,42.00,678.00,407,25.58,31.32,null,null,null
2022-04-18T11:25:07Z,23.20,38.71,100,0,35.91,101.07,43.00,686.00,404,25.55,31.30,0,0,0
2022-04-18T11:26:07Z,23.18,38.39,100,0,36.93,101.06,41.00,672.00,403,25.57,31.23,null,null,null
2022-04-18T11:27:07Z,23.24,38.47,100,0,38.18,101.06,42.00,678.00,401,25.57,31.22,null,null,null
2022-04-18T11:28:07Z,23.23,38.62,100,0,36.01,101.06,42.00,678.00,402,25.55,31.26,null,null,null
2022-04-18T11:29:07Z,23.23,38.62,100,0,38.35,101.07,42.00,678.00,402,25.57,31.26,null,null,null
2022-04-18T11:30:07Z,23.23,38.64,100,0,42.56,101.06,42.00,678.00,405,25.57,31.25,0,0,0
2022-04-18T11:31:07Z,23.23,38.29,100,0,39.36,101.06,42.00,678.00,404,25.58,31.19,null,null,null
2022-04-18T11:32:07Z,23.24,38.46,100,0,38.15,101.07,42.00,678.00,407,25.57,31.23,null,null,null
2022-04-18T11:33:07Z,23.23,38.53,100,0,35.59,101.06,42.00,678.00,406,25.57,31.19,null,null,null
2022-04-18T11:34:07Z,23.24,38.54,100,0,35.27,101.07,42.00,678.00,405,25.59,31.11,null,null,null
2022-04-18T11:35:07Z,23.24,38.59,100,0,40.69,101.07,43.00,686.00,404,25.58,31.09,0,0,0
2022-04-18T11:36:07Z,23.26,38.23,100,0,39.97,101.07,42.00,678.00,400,25.58,31.08,null,null,null
2022-04-18T11:37:07Z,23.23,38.36,100,0,36.42,101.07,44.00,692.00,401,25.58,31.09,null,null,null
2022-04-18T11:38:07Z,23.26,38.43,100,0,38.19,101.07,40.00,668.00,400,25.58,31.09,null,null,null
2022-04-18T11:39:07Z,23.24,38.46,100,0,42.11,101.06,38.00,650.00,400,25.58,31.02,null,null,null
2022-04-18T11:40:07Z,23.26,38.51,100,0,38.77,101.06,37.00,646.00,400,25.59,31.01,0,0,0
2022-04-18T11:41:07Z,23.26,38.12,100,0,38.30,101.06,36.00,638.00,400,25.58,30.95,null,null,null
2022-04-18T11:42:07Z,23.30,38.27,100,0,35.99,101.06,43.00,683.00,399,25.58,31.01,null,null,null
2022-04-18T11:43:07Z,23.27,38.36,100,0,36.48,101.06,39.00,660.00,396,25.61,30.98,null,null,null
2022-04-18T11:44:07Z,23.26,38.38,100,0,41.78,101.06,41.00,674.00,397,25.61,31.01,null,null,null
2022-04-18T11:45:07Z,23.24,38.39,100,0,39.55,101.07,41.00,674.00,398,25.61,31.00,0,0,0
2022-04-18T11:46:07Z,23.27,37.98,100,0,40.52,101.07,37.00,646.00,400,25.61,30.90,null,null,null
2022-04-18T11:47:07Z,23.28,38.14,100,0,43.64,101.07,40.00,668.00,400,25.62,30.93,null,null,null
2022-04-18T11:48:07Z,23.27,38.26,100,0,39.35,101.07,41.00,672.00,399,25.59,30.92,null,null,null
2022-04-18T11:49:07Z,23.27,38.29,100,0,38.11,101.07,39.00,660.00,399,25.61,30.97,null,null,null
2022-04-18T11:50:07Z,23.26,38.27,100,0,38.30,101.07,41.00,674.00,399,25.62,30.94,0,0,0
2022-04-18T11:51:07Z,23.28,37.94,100,0,36.65,101.07,37.00,645.00,399,25.62,30.84,null,null,null
2022-04-18T11:52:07Z,23.31,38.14,100,0,37.12,101.07,40.00,668.00,398,25.61,30.84,null,null,null
2022-04-18T11:53:07Z,23.31,38.20,100,0,39.66,101.07,40.00,668.00,401,25.64,30.84,null,null,null
2022-04-18T11:54:07Z,23.28,38.24,100,0,36.09,101.07,40.00,668.00,403,25.62,30.87,null,null,null
2022-04-18T11:55:07Z,23.26,38.21,100,0,42.52,101.07,40.00,668.00,401,25.64,30.86,0,0,0
2022-04-18T11:56:07Z,23.28,37.89,100,0,42.34,101.06,38.00,653.00,402,25.62,30.81,null,null,null
2022-04-18T11:57:07Z,23.31,38.03,100,0,40.23,101.07,38.00,653.00,404,25.62,30.80,null,null,null
2022-04-18T11:58:07Z,23.31,38.09,100,0,36.44,101.07,38.00,653.00,401,25.66,30.82,null,null,null
2022-04-18T11:59:07Z,23.30,38.15,100,0,36.23,101.07,35.00,633.00,401,25.62,30.80,null,null,null
2022-04-18T12:00:07Z,23.30,38.18,100,0,38.64,101.07,35.00,633.00,402,25.65,30.83,0,0,0
2022-04-18T12:01:07Z,23.31,37.82,100,0,36.03,101.07,34.00,624.00,402,25.65,30.69,null,null,null
2022-04-18T12:02:07Z,23.31,37.97,100,0,40.33,101.07,37.00,646.00,402,25.64,30.73,null,null,null
2022-04-18T12:03:07Z,23.31,38.05,100,0,38.67,101.07,38.00,653.00,402,25.65,30.70,null,null,null
2022-04-18T12:04:07Z,23.31,38.04,100,0,38.91,101.07,38.00,653.00,402,25.65,30.79,null,null,null
2022-04-18T12:05:07Z,23.30,38.08,100,0,43.95,101.08,39.00,659.00,403,25.65,30.75,0,0,0
2022-04-18T12:06:07Z,23.31,37.76,100,0,32.54,101.08,37.00,646.00,404,25.62,30.67,null,null,null
2022-04-18T12:07:07Z,23.33,37.93,100,0,38.16,101.08,38.00,653.00,401,25.68,30.73,null,null,null
2022-04-18T12:08:07Z,23.33,37.95,100,0,35.93,101.08,38.00,653.00,399,25.65,30.73,null,null,null
2022-04-18T12:09:07Z,23.33,38.04,100,0,36.33,101.07,38.00,653.00,400,25.66,30.75,null,null,null
2022-04-18T12:10:07Z,23.28,38.07,100,0,39.01,101.07,39.00,659.00,401,25.65,30.72,0,0,0
2022-04-18T12:11:07Z,23.31,37.71,100,0,39.54,101.07,37.00,646.00,399,25.68,30.68,null,null,null
2022-04-18T12:12:07Z,23.35,37.89,100,0,42.85,101.07,38.00,650.00,400,25.66,30.68,null,null,null
2022-04-18T12:13:07Z,23.33,37.92,100,0,44.27,101.07,36.00,640.00,397,25.68,30.67,null,null,null
2022-04-18T12:14:07Z,23.34,37.95,100,0,40.06,101.07,36.00,640.00,398,25.65,30.70,null,null,null
2022-04-18T12:15:07Z,23.33,38.00,100,0,36.50,101.08,38.00,653.00,398,25.68,30.65,0,0,0
2022-04-18T12:16:07Z,23.35,37.66,100,0,36.42,101.07,34.00,624.00,402,25.68,30.64,null,null,null
2022-04-18T12:17:07Z,23.37,37.77,100,0,40.83,101.07,34.00,627.00,402,25.68,30.62,null,null,null
2022-04-18T12:18:07Z,23.34,37.86,100,0,40.77,101.06,37.00,646.00,403,25.68,30.59,null,null,null
2022-04-18T12:19:07Z,23.34,37.96,100,0,42.98,101.08,37.00,646.00,403,25.68,30.61,null,null,null
2022-04-18T12:20:07Z,23.33,37.90,100,0,38.24,101.07,38.00,653.00,404,25.70,30.61,0,0,0
2022-04-18T12:21:07Z,23.35,37.62,100,0,40.21,101.07,37.00,646.00,402,25.68,30.55,null,null,null
2022-04-18T12:22:07Z,23.37,37.75,100,0,37.97,101.07,38.00,650.00,401,25.70,30.54,null,null,null
2022-04-18T12:23:07Z,23.35,37.80,100,0,39.95,101.08,37.00,646.00,401,25.69,30.56,null,null,null
2022-04-18T12:24:07Z,23.35,37.80,100,0,39.48,101.08,38.00,653.00,399,25.70,30.54,null,null,null
2022-04-18T12:25:07Z,23.34,37.86,100,0,36.98,101.08,38.00,653.00,400,25.70,30.54,0,0,0
2022-04-18T12:26:07Z,23.38,37.51,100,0,34.27,101.07,37.00,646.00,403,25.72,30.44,null,null,null
2022-04-18T12:27:07Z,23.39,37.68,100,0,38.56,101.07,39.00,657.00,403,25.70,30.48,null,null,null
2022-04-18T12:28:07Z,23.41,37.73,100,0,37.01,101.08,39.00,657.00,407,25.70,30.47,null,null,null
2022-04-18T12:29:07Z,23.41,37.73,100,0,39.52,101.08,40.00,666.00,411,25.73,30.48,null,null,null
2022-04-18T12:30:07Z,23.41,37.77,100,0,38.57,101.07,40.00,666.00,407,25.72,30.48,0,0,0
2022-04-18T12:31:07Z,23.39,37.43,100,0,37.13,101.08,36.00,640.00,406,25.75,30.43,null,null,null
2022-04-18T12:32:07Z,23.43,37.61,100,0,33.67,101.07,38.00,650.00,406,25.72,30.39,null,null,null
2022-04-18T12:33:07Z,23.41,37.63,100,0,39.46,101.08,39.00,657.00,407,25.75,30.39,null,null,null
2022-04-18T12:34:07Z,23.41,37.72,100,0,37.34,101.08,39.00,657.00,407,25.75,30.42,null,null,null
2022-04-18T12:35:07Z,23.41,37.71,100,0,37.62,101.08,39.00,657.00,407,25.76,30.42,0,0,0
2022-04-18T12:36:07Z,23.44,37.38,100,0,43.65,101.07,36.00,638.00,406,25.76,30.36,null,null,null
2022-04-18T12:37:07Z,23.43,37.52,100,0,38.65,101.08,38.00,650.00,405,25.75,30.35,null,null,null
2022-04-18T12:38:07Z,23.47,37.58,100,0,40.00,101.08,34.00,627.00,404,25.76,30.35,null,null,null
2022-04-18T12:39:07Z,23.47,37.64,100,0,39.35,101.08,35.00,634.00,403,25.78,30.36,null,null,null
2022-04-18T12:40:07Z,23.45,37.68,100,0,41.11,101.09,39.00,657.00,404,25.76,30.36,0,0,0
2022-04-18T12:41:07Z,23.47,37.32,100,0,40.17,101.08,37.00,643.00,401,25.80,30.22,null,null,null
2022-04-18T12:42:07Z,23.47,37.44,100,0,37.58,101.08,38.00,650.00,400,25.78,30.15,null,null,null
2022-04-18T12:43:07Z,23.50,37.47,100,0,37.16,101.09,38.00,650.00,398,25.80,30.15,null,null,null
2022-04-18T12:44:07Z,23.47,37.55,100,0,43.15,101.08,40.00,666.00,400,25.78,30.13,null,null,null
2022-04-18T12:45:07Z,23.45,37.54,100,0,37.60,101.09,40.00,666.00,403,25.79,30.19,0,0,0
2022-04-18T12:46:07Z,23.48,37.12,100,0,37.72,101.08,37.00,643.00,404,25.79,30.09,null,null,null
2022-04-18T12:47:07Z,23.48,37.33,100,0,36.16,101.09,39.00,660.00,403,25.79,30.02,null,null,null
2022-04-18T12:48:07Z,23.50,37.37,100,0,39.84,101.09,38.00,650.00,405,25.80,30.09,null,null,null
2022-04-18T12:49:07Z,23.47,37.40,100,0,36.53,101.09,39.00,657.00,405,25.79,30.05,null,null,null
2022-04-18T12:50:07Z,23.50,37.43,100,0,34.18,101.09,34.00,627.00,406,25.80,30.08,0,0,0
2022-04-18T12:51:07Z,23.51,37.07,100,0,35.11,101.09,32.00,615.00,408,25.79,30.06,null,null,null
2022-04-18T12:52:07Z,23.51,37.24,100,0,40.60,101.09,37.00,645.00,409,25.80,30.05,null,null,null
2022-04-18T12:53:07Z,23.50,37.32,100,0,35.88,101.10,39.00,660.00,409,25.80,30.11,null,null,null
2022-04-18T12:54:07Z,23.51,37.43,100,0,39.90,101.10,38.00,650.00,408,25.80,30.05,null,null,null
2022-04-18T12:55:07Z,23.45,37.37,100,0,39.51,101.10,39.00,657.00,407,25.82,30.08,0,0,0
2022-04-18T12:56:07Z,23.53,36.96,100,0,39.03,101.09,36.00,638.00,408,25.82,30.01,null,null,null
2022-04-18T12:57:07Z,23.53,37.21,100,0,37.72,101.09,38.00,653.00,407,25.79,30.05,null,null,null
2022-04-18T12:58:07Z,23.51,37.25,100,0,37.43,101.08,38.00,653.00,405,25.78,30.06,null,null,null
2022-04-18T12:59:07Z,23.53,37.28,100,0,36.18,101.08,38.00,653.00,406,25.80,30.09,null,null,null
2022-04-18T13:00:07Z,23.50,37.32,100,0,40.35,101.08,39.00,657.00,407,25.83,30.09,0,0,0
2022-04-18T13:01:07Z,23.51,36.98,100,0,36.55,101.09,38.00,650.00,407,25.82,30.04,null,null,null
2022-04-18T13:02:07Z,23.53,37.17,100,0,38.53,101.09,38.00,653.00,410,25.80,30.02,null,null,null
2022-04-18T13:03:07Z,23.57,37.16,100,0,39.65,101.09,39.00,660.00,412,25.83,30.07,null,null,null
2022-04-18T13:04:07Z,23.51,37.24,100,0,38.42,101.09,36.00,638.00,412,25.83,30.01,null,null,null
2022-04-18T13:05:07Z,23.50,37.26,100,0,40.10,101.09,36.00,638.00,414,25.82,30.03,0,0,0
2022-04-18T13:06:07Z,23.54,36.88,100,0,39.31,101.08,34.00,627.00,410,25.85,30.03,null,null,null
2022-04-18T13:07:07Z,23.55,37.09,100,0,41.42,101.08,38.00,653.00,411,25.83,30.01,null,null,null
2022-04-18T13:08:07Z,23.54,37.18,100,0,35.11,101.09,39.00,660.00,414,25.83,29.96,null,null,null
2022-04-18T13:09:07Z,23.54,37.20,100,0,40.49,101.09,39.00,660.00,410,25.85,29.96,null,null,null
2022-04-18T13:10:07Z,23.54,37.21,100,0,35.06,101.09,41.00,671.00,411,25.85,29.96,0,0,0
2022-04-18T13:11:07Z,23.55,36.83,100,0,41.91,101.08,38.00,653.00,408,25.86,29.89,null,null,null
2022-04-18T13:12:07Z,23.55,37.05,100,0,40.29,101.09,38.00,653.00,406,25.89,29.93,null,null,null
2022-04-18T13:13:07Z,23.58,37.10,100,0,41.11,101.08,39.00,660.00,407,25.85,29.93,null,null,null
2022-04-18T13:14:07Z,23.57,37.13,100,0,43.52,101.09,41.00,671.00,406,25.88,29.95,null,null,null
2022-04-18T13:15:07Z,23.54,37.13,100,0,37.27,101.09,39.00,660.00,410,25.88,29.97,0,0,0
2022-04-18T13:16:07Z,23.58,36.82,100,0,36.29,101.08,37.00,649.00,412,25.88,29.87,null,null,null
2022-04-18T13:17:07Z,23.59,36.96,100,0,38.92,101.08,34.00,626.00,410,25.90,29.88,null,null,null
2022-04-18T13:18:07Z,23.57,37.04,100,0,36.15,101.08,35.00,631.00,409,25.90,29.90,null,null,null
2022-04-18T13:19:07Z,23.58,37.08,100,0,37.88,101.08,36.00,638.00,409,25.90,29.92,null,null,null
2022-04-18T13:20:07Z,23.57,37.15,100,0,39.43,101.08,39.00,660.00,407,25.88,29.90,0,0,0
2022-04-18T13:21:07Z,23.61,36.73,100,0,34.94,101.08,37.00,649.00,408,25.90,29.86,null,null,null
2022-04-18T13:22:07Z,23.61,36.88,100,0,40.56,101.08,39.00,659.00,410,25.90,29.85,null,null,null
2022-04-18T13:23:07Z,23.59,36.99,100,0,37.67,101.08,39.00,660.00,407,25.88,29.87,null,null,null
2022-04-18T13:24:07Z,23.62,37.01,100,0,41.85,101.07,41.00,671.00,406,25.90,29.83,null,null,null
2022-04-18T13:25:07Z,23.58,37.05,100,0,40.35,101.07,42.00,678.00,401,25.92,29.88,0,0,0
2022-04-18T13:26:07Z,23.61,36.67,100,0,37.59,101.07,39.00,660.00,402,25.92,29.75,null,null,null
2022-04-18T13:27:07Z,23.61,36.88,100,0,37.62,101.06,41.00,674.00,402,25.92,29.81,null,null,null
2022-04-18T13:28:07Z,23.61,36.92,100,0,39.15,101.07,41.00,671.00,401,25.92,29.84,null,null,null
2022-04-18T13:29:07Z,23.62,36.99,100,0,41.91,101.07,39.00,660.00,402,25.93,29.82,null,null,null
2022-04-18T13:30:07Z,23.58,37.00,100,0,40.32,101.07,41.00,671.00,404,25.93,29.81,0,0,0
2022-04-18T13:31:07Z,23.64,36.63,100,0,41.80,101.07,35.00,631.00,403,25.95,29.75,null,null,null
2022-04-18T13:32:07Z,23.64,36.80,100,0,38.69,101.06,36.00,641.00,405,25.93,29.75,null,null,null
2022-04-18T13:33:07Z,23.65,36.88,100,0,40.10,101.06,37.00,649.00,406,25.93,29.81,null,null,null
2022-04-18T13:34:07Z,23.62,36.92,100,0,38.98,101.07,39.00,660.00,404,25.93,29.75,null,null,null
2022-04-18T13:35:07Z,23.61,36.94,100,0,37.50,101.06,41.00,671.00,405,25.93,29.74,0,0,0
2022-04-18T13:36:07Z,23.62,36.61,100,0,38.86,101.07,39.00,660.00,405,25.95,29.70,null,null,null
2022-04-18T13:37:07Z,23.66,36.85,100,0,41.10,101.06,42.00,682.00,405,25.96,29.74,null,null,null
2022-04-18T13:38:07Z,23.68,36.81,100,0,35.62,101.07,41.00,671.00,404,25.96,29.68,null,null,null
2022-04-18T13:39:07Z,23.65,36.92,100,0,40.03,101.07,41.00,671.00,404,25.96,29.74,null,null,null
2022-04-18T13:40:07Z,23.62,36.88,100,0,37.94,101.06,41.00,671.00,405,25.96,29.73,0,0,0
2022-04-18T13:41:07Z,23.62,36.55,100,0,38.09,101.07,37.00,649.00,407,25.93,29.65,null,null,null
2022-04-18T13:42:07Z,23.68,36.73,100,0,38.83,101.07,40.00,666.00,406,25.95,29.65,null,null,null
2022-04-18T13:43:07Z,23.66,36.76,100,0,36.06,101.07,40.00,666.00,405,25.95,29.70,null,null,null
2022-04-18T13:44:07Z,23.65,36.80,100,0,39.38,101.07,37.00,649.00,405,25.97,29.71,null,null,null
2022-04-18T13:45:07Z,23.62,36.83,100,0,37.10,101.07,36.00,638.00,405,25.93,29.68,0,0,0
2022-04-18T13:46:07Z,23.68,36.47,100,0,37.75,101.07,39.00,660.00,403,25.96,29.57,null,null,null
2022-04-18T13:47:07Z,23.68,36.66,100,0,39.39,101.06,40.00,666.00,402,25.95,29.58,null,null,null
2022-04-18T13:48:07Z,23.68,36.73,100,0,36.95,101.07,41.00,674.00,405,25.99,29.63,null,null,null
2022-04-18T13:49:07Z,23.66,36.80,100,0,40.38,101.07,42.00,682.00,406,25.97,29.57,null,null,null
2022-04-18T13:50:07Z,23.66,36.74,100,0,43.78,101.07,42.00,678.00,407,25.96,29.61,0,0,0
2022-04-18T13:51:07Z,23.66,36.38,100,0,36.39,101.08,41.00,674.00,408,25.99,29.47,null,null,null
2022-04-18T13:52:07Z,23.69,36.58,100,0,38.02,101.08,40.00,666.00,407,25.99,29.50,null,null,null
2022-04-18T13:53:07Z,23.68,36.63,100,0,37.21,101.08,41.00,674.00,407,25.97,29.56,null,null,null
2022-04-18T13:54:07Z,23.68,36.68,100,0,37.10,101.07,41.00,674.00,406,25.99,29.54,null,null,null
2022-04-18T13:55:07Z,23.66,36.70,100,0,38.84,101.07,41.00,674.00,405,25.97,29.53,0,0,0
2022-04-18T13:56:07Z,23.68,36.40,100,0,34.17,101.07,36.00,637.00,404,25.97,29.49,null,null,null
2022-04-18T13:57:07Z,23.68,36.54,100,0,38.07,101.07,36.00,637.00,405,25.96,29.51,null,null,null
2022-04-18T13:58:07Z,23.69,36.60,100,0,36.71,101.07,39.00,659.00,407,25.96,29.50,null,null,null
2022-04-18T13:59:07Z,23.69,36.62,100,0,39.52,101.07,41.00,674.00,403,25.97,29.50,null,null,null
2022-04-18T14:00:07Z,23.68,36.61,100,0,39.20,101.06,41.00,674.00,404,26.00,29.49,0,0,0
2022-04-18T14:01:07Z,23.69,36.28,100,0,40.41,101.07,39.00,659.00,405,26.00,29.43,null,null,null
2022-04-18T14:02:07Z,23.71,36.46,100,0,36.05,101.07,40.00,666.00,403,25.99,29.44,null,null,null
2022-04-18T14:03:07Z,23.69,36.53,100,0,37.25,101.07,41.00,674.00,402,26.00,29.39,null,null,null
2022-04-18T14:04:07Z,23.69,36.52,100,0,42.20,101.07,41.00,674.00,399,26.03,29.45,null,null,null
2022-04-18T14:05:07Z,23.69,36.58,100,0,38.60,101.07,42.00,682.00,400,25.99,29.47,0,0,0
2022-04-18T14:06:07Z,23.71,36.22,100,0,38.22,101.07,39.00,656.00,403,26.00,29.42,null,null,null
2022-04-18T14:07:07Z,23.72,36.41,100,0,37.45,101.07,41.00,672.00,404,26.00,29.40,null,null,null
2022-04-18T14:08:07Z,23.71,36.52,100,0,39.25,101.07,36.00,641.00,407,26.00,29.40,null,null,null
2022-04-18T14:09:07Z,23.71,36.49,100,0,36.76,101.08,36.00,641.00,407,26.00,29.42,null,null,null
2022-04-18T14:10:07Z,23.69,36.56,100,0,44.35,101.07,41.00,674.00,409,25.99,29.42,0,0,0
2022-04-18T14:11:07Z,23.71,36.16,100,0,40.94,101.08,39.00,659.00,408,26.00,29.29,null,null,null
2022-04-18T14:12:07Z,23.74,36.34,100,0,34.97,101.08,42.00,678.00,409,26.02,29.34,null,null,null
2022-04-18T14:13:07Z,23.72,36.41,100,0,48.63,101.07,40.00,666.00,407,26.00,29.35,null,null,null
2022-04-18T14:14:07Z,23.72,36.45,100,0,37.72,101.08,41.00,674.00,407,25.99,29.30,null,null,null
2022-04-18T14:15:07Z,23.72,36.49,100,0,41.07,101.08,41.00,674.00,408,25.99,29.33,0,0,0
2022-04-18T14:16:07Z,23.74,36.14,100,0,35.97,101.08,39.00,659.00,407,26.02,29.31,null,null,null
2022-04-18T14:17:07Z,23.74,36.25,100,0,38.81,101.07,42.00,678.00,406,26.00,29.28,null,null,null
2022-04-18T14:18:07Z,23.74,36.34,100,0,33.79,101.07,40.00,666.00,403,26.02,29.28,null,null,null
2022-04-18T14:19:07Z,23.71,36.38,100,0,31.64,101.07,36.00,641.00,404,26.00,29.23,null,null,null
2022-04-18T14:20:07Z,23.71,36.39,100,0,36.94,101.07,37.00,649.00,402,26.02,29.29,0,0,0
2022-04-18T14:21:07Z,23.72,35.96,100,0,35.35,101.08,39.00,659.00,401,26.00,29.22,null,null,null
2022-04-18T14:22:07Z,23.75,36.19,100,0,42.00,101.08,41.00,672.00,401,26.02,29.21,null,null,null
2022-04-18T14:23:07Z,23.74,36.27,100,0,40.33,101.07,34.00,624.00,402,26.03,29.21,null,null,null
2022-04-18T14:24:07Z,23.72,36.29,100,0,37.07,101.07,41.00,674.00,404,26.03,29.22,null,null,null
2022-04-18T14:25:07Z,23.72,36.31,100,0,38.50,101.08,40.00,666.00,404,26.03,29.21,0,0,0
2022-04-18T14:26:07Z,23.72,35.96,100,0,36.29,101.07,39.00,656.00,403,26.03,29.15,null,null,null
2022-04-18T14:27:07Z,23.74,36.18,100,0,37.87,101.07,41.00,672.00,400,26.03,29.18,null,null,null
2022-04-18T14:28:07Z,23.75,36.22,100,0,35.85,101.07,41.00,672.00,402,26.02,29.16,null,null,null
2022-04-18T14:29:07Z,23.74,36.29,100,0,35.28,101.07,38.00,652.00,402,26.02,29.14,null,null,null
2022-04-18T14:30:07Z,23.71,36.29,100,0,38.92,101.07,36.00,641.00,403,26.02,29.18,0,0,0
2022-04-18T14:31:07Z,23.75,35.84,100,0,40.81,101.07,40.00,666.00,405,26.04,29.08,null,null,null
2022-04-18T14:32:07Z,23.75,36.03,100,0,39.78,101.07,33.00,618.00,407,26.03,29.09,null,null,null
2022-04-18T14:33:07Z,23.75,36.16,100,0,35.64,101.07,34.00,624.00,408,26.04,29.06,null,null,null
2022-04-18T14:34:07Z,23.75,36.16,100,0,42.09,101.08,34.00,624.00,404,26.04,29.08,null,null,null
2022-04-18T14:35:07Z,23.72,36.22,100,0,35.19,101.07,35.00,631.00,401,26.06,29.11,0,0,0
2022-04-18T14:36:07Z,23.74,35.80,100,0,41.03,101.08,41.00,672.00,400,26.03,28.94,null,null,null
2022-04-18T14:37:07Z,23.75,36.00,100,0,38.53,101.08,40.00,668.00,400,26.03,28.98,null,null,null
2022-04-18T14:38:07Z,23.74,36.03,100,0,38.87,101.08,29.00,596.00,400,26.06,29.01,null,null,null
2022-04-18T14:39:07Z,23.75,36.11,100,0,34.08,101.08,39.00,659.00,401,26.04,29.01,null,null,null
2022-04-18T14:40:07Z,23.75,36.09,100,0,37.32,101.08,34.00,624.00,399,26.04,29.06,0,0,0
2022-04-18T14:41:07Z,23.78,35.71,100,0,37.38,101.08,32.00,615.00,399,26.06,28.91,null,null,null
2022-04-18T14:42:07Z,23.78,35.89,100,0,36.37,101.08,34.00,626.00,398,26.07,28.93,null,null,null
2022-04-18T14:43:07Z,23.76,35.98,100,0,39.23,101.08,32.00,615.00,395,26.04,28.95,null,null,null
2022-04-18T14:44:07Z,23.75,36.00,100,0,37.68,101.08,33.00,618.00,395,26.06,28.93,null,null,null
2022-04-18T14:45:07Z,23.76,36.02,100,0,40.04,101.08,34.00,624.00,396,26.07,29.01,0,0,0
2022-04-18T14:46:07Z,23.75,35.66,100,0,36.15,101.08,26.00,575.00,398,26.06,28.88,null,null,null
2022-04-18T14:47:07Z,23.78,35.81,100,0,36.32,101.08,31.00,605.00,395,26.06,28.88,null,null,null
2022-04-18T14:48:07Z,23.75,35.89,100,0,40.11,101.08,32.00,615.00,394,26.07,28.96,null,null,null
2022-04-18T14:49:07Z,23.76,35.96,100,0,36.18,101.08,34.00,624.00,394,26.06,28.87,null,null,null
2022-04-18T14:50:07Z,23.74,35.96,100,0,40.77,101.08,34.00,624.00,394,26.06,28.88,0,0,0
2022-04-18T14:51:07Z,23.76,35.56,100,0,35.52,101.09,39.00,659.00,393,26.06,28.77,null,null,null
2022-04-18T14:52:07Z,23.75,35.77,100,0,38.96,101.09,34.00,626.00,394,26.06,28.83,null,null,null
2022-04-18T14:53:07Z,23.76,35.84,100,0,39.41,101.09,32.00,615.00,395,26.04,28.83,null,null,null
2022-04-18T14:54:07Z,23.76,35.87,100,0,40.91,101.08,28.00,589.00,395,26.06,28.83,null,null,null
2022-04-18T14:55:07Z,23.75,35.91,100,0,37.91,101.08,33.00,618.00,396,26.06,28.77,0,0,0
2022-04-18T14:56:07Z,23.78,35.52,100,0,41.94,101.09,31.00,607.00,398,26.04,28.73,null,null,null
2022-04-18T14:57:07Z,23.76,35.73,100,0,39.68,101.09,33.00,618.00,398,26.04,28.73,null,null,null
2022-04-18T14:58:07Z,23.79,35.70,100,0,38.39,101.09,34.00,626.00,400,26.06,28.72,null,null,null
2022-04-18T14:59:07Z,23.75,35.74,100,0,36.29,101.08,34.00,626.00,398,26.04,28.70,null,null,null
2022-04-18T15:00:07Z,23.75,35.84,100,0,38.61,101.09,34.00,629.00,402,26.04,28.74,0,0,0
2022-04-18T15:01:07Z,23.78,35.48,100,0,39.97,101.08,31.00,607.00,405,26.07,28.66,null,null,null
2022-04-18T15:02:07Z,23.79,35.66,100,0,37.92,101.09,28.00,586.00,405,26.07,28.67,null,null,null
2022-04-18T15:03:07Z,23.78,35.66,100,0,41.21,101.08,29.00,594.00,407,26.04,28.66,null,null,null
2022-04-18T15:04:07Z,23.78,35.74,100,0,40.72,101.08,34.00,626.00,406,26.07,28.73,null,null,null
2022-04-18T15:05:07Z,23.75,35.73,100,0,37.54,101.08,34.00,626.00,406,26.06,28.68,0,0,0
2022-04-18T15:06:07Z,23.79,35.33,100,0,34.54,101.08,33.00,618.00,404,26.06,28.60,null,null,null
2022-04-18T15:07:07Z,23.78,35.52,100,0,38.80,101.08,34.00,626.00,400,26.06,28.61,null,null,null
2022-04-18T15:08:07Z,23.76,35.62,100,0,40.59,101.08,34.00,626.00,403,26.04,28.63,null,null,null
2022-04-18T15:09:07Z,23.76,35.67,100,0,41.44,101.08,34.00,626.00,403,26.07,28.64,null,null,null
2022-04-18T15:10:07Z,23.75,35.67,100,0,38.88,101.08,34.00,626.00,404,26.06,28.67,0,0,0
2022-04-18T15:11:07Z,23.78,35.35,100,0,37.17,101.08,31.00,605.00,403,26.07,28.52,null,null,null
2022-04-18T15:12:07Z,23.75,35.53,100,0,36.94,101.08,27.00,580.00,401,26.06,28.57,null,null,null
2022-04-18T15:13:07Z,23.76,35.54,100,0,37.76,101.08,27.00,580.00,403,26.07,28.53,null,null,null
2022-04-18T15:14:07Z,23.76,35.59,100,0,38.80,101.08,33.00,618.00,405,26.07,28.60,null,null,null
2022-04-18T15:15:07Z,23.75,35.63,100,0,39.66,101.08,34.00,626.00,404,26.07,28.56,0,0,0
2022-04-18T15:16:07Z,23.76,35.28,100,0,38.21,101.08,33.00,618.00,403,26.07,28.47,null,null,null
2022-04-18T15:17:07Z,23.78,35.47,100,0,35.83,101.08,33.00,618.00,401,26.04,28.50,null,null,null
2022-04-18T15:18:07Z,23.79,35.54,100,0,37.01,101.08,34.00,626.00,403,26.06,28.55,null,null,null
2022-04-18T15:19:07Z,23.78,35.56,100,0,38.28,101.08,34.00,626.00,402,26.07,28.53,null,null,null
2022-04-18T15:20:07Z,23.75,35.56,100,0,34.74,101.08,34.00,626.00,398,26.07,28.52,0,0,0
2022-04-18T15:21:07Z,23.76,35.22,100,0,38.98,101.08,33.00,618.00,401,26.06,28.47,null,null,null
2022-04-18T15:22:07Z,23.81,35.37,100,0,42.03,101.08,33.00,623.00,400,26.09,28.50,null,null,null
2022-04-18T15:23:07Z,23.79,35.48,100,0,38.47,101.08,28.00,586.00,401,26.07,28.47,null,null,null
2022-04-18T15:24:07Z,23.79,35.53,100,0,41.30,101.08,28.00,586.00,405,26.09,28.46,null,null,null
2022-04-18T15:25:07Z,23.76,35.55,100,0,40.15,101.08,34.00,626.00,406,26.06,28.47,0,0,0
2022-04-18T15:26:07Z,23.78,35.13,100,0,38.16,101.08,31.00,605.00,407,26.09,28.36,null,null,null
2022-04-18T15:27:07Z,23.82,35.37,100,0,41.68,101.08,33.00,623.00,406,26.07,28.43,null,null,null
2022-04-18T15:28:07Z,23.78,35.42,100,0,38.18,101.08,33.00,618.00,405,26.07,28.42,null,null,null
2022-04-18T15:29:07Z,23.78,35.43,100,0,37.03,101.08,33.00,618.00,405,26.09,28.45,null,null,null
2022-04-18T15:30:07Z,23.78,35.47,100,0,36.58,101.08,34.00,626.00,407,26.10,28.46,0,0,0
2022-04-18T15:31:07Z,23.79,35.14,100,0,37.74,101.08,32.00,612.00,408,26.09,28.36,null,null,null
2022-04-18T15:32:07Z,23.78,35.30,100,0,39.93,101.08,33.00,617.00,411,26.09,28.38,null,null,null
2022-04-18T15:33:07Z,23.78,35.32,100,0,37.77,101.08,28.00,586.00,415,26.09,28.35,null,null,null
2022-04-18T15:34:07Z,23.78,35.36,100,0,40.63,101.08,28.00,586.00,415,26.07,28.40,null,null,null
2022-04-18T15:35:07Z,23.78,35.40,100,0,37.29,101.07,33.00,618.00,413,26.07,28.42,0,0,0
2022-04-18T15:36:07Z,23.79,35.08,100,0,36.96,101.08,30.00,599.00,409,26.10,28.32,null,null,null
2022-04-18T15:37:07Z,23.78,35.28,100,0,34.24,101.08,32.00,611.00,406,26.10,28.32,null,null,null
2022-04-18T15:38:07Z,23.78,35.30,100,0,41.86,101.08,32.00,612.00,407,26.10,28.41,null,null,null
2022-04-18T15:39:07Z,23.76,35.33,100,0,35.82,101.08,33.00,618.00,407,26.12,28.34,null,null,null
2022-04-18T15:40:07Z,23.78,35.38,100,0,37.90,101.08,33.00,618.00,410,26.09,28.38,0,0,0
2022-04-18T15:41:07Z,23.79,35.04,100,0,36.18,101.08,31.00,605.00,411,26.07,28.28,null,null,null
2022-04-18T15:42:07Z,23.81,35.24,100,0,35.95,101.08,33.00,617.00,411,26.10,28.32,null,null,null
2022-04-18T15:43:07Z,23.79,35.28,100,0,34.46,101.08,33.00,617.00,408,26.07,28.29,null,null,null
2022-04-18T15:44:07Z,23.79,35.32,100,0,42.80,101.07,28.00,586.00,406,26.10,28.29,null,null,null
2022-04-18T15:45:07Z,23.76,35.39,100,0,43.49,101.08,28.00,586.00,409,26.09,28.33,0,0,0
2022-04-18T15:46:07Z,23.82,34.99,100,0,41.80,101.08,31.00,605.00,411,26.10,28.28,null,null,null
2022-04-18T15:47:07Z,23.82,35.17,100,0,38.94,101.07,33.00,623.00,407,26.07,28.29,null,null,null
2022-04-18T15:48:07Z,23.81,35.28,100,0,39.27,101.07,33.00,617.00,407,26.10,28.26,null,null,null
2022-04-18T15:49:07Z,23.82,35.30,100,0,44.69,101.08,33.00,618.00,406,26.09,28.28,null,null,null
2022-04-18T15:50:07Z,23.78,35.33,100,0,38.74,101.07,33.00,618.00,406,26.10,28.26,0,0,0
2022-04-18T15:51:07Z,23.81,34.98,100,0,41.35,101.08,31.00,605.00,406,26.12,28.21,null,null,null
2022-04-18T15:52:07Z,23.82,35.19,100,0,37.49,101.07,33.00,623.00,407,26.10,28.24,null,null,null
2022-04-18T15:53:07Z,23.79,35.20,100,0,36.77,101.08,33.00,623.00,407,26.10,28.26,null,null,null
2022-04-18T15:54:07Z,23.79,35.24,100,0,36.80,101.08,34.00,629.00,407,26.10,28.26,null,null,null
2022-04-18T15:55:07Z,23.76,35.33,100,0,36.40,101.08,29.00,591.00,406,26.13,28.24,0,0,0
2022-04-18T15:56:07Z,23.79,34.93,100,0,41.42,101.08,25.00,570.00,403,26.12,28.19,null,null,null
2022-04-18T15:57:07Z,23.81,35.15,100,0,37.48,101.08,32.00,611.00,402,26.10,28.21,null,null,null
2022-04-18T15:58:07Z,23.81,35.17,100,0,42.87,101.08,32.00,611.00,402,26.13,28.18,null,null,null
2022-04-18T15:59:07Z,23.81,35.20,100,0,35.67,101.08,33.00,623.00,400,26.13,28.25,null,null,null
2022-04-18T16:00:07Z,23.79,35.24,100,0,36.00,101.08,33.00,623.00,402,26.12,28.25,0,0,0
2022-04-18T16:01:07Z,23.82,34.90,100,0,39.17,101.08,33.00,623.00,402,26.13,28.14,null,null,null
2022-04-18T16:02:07Z,23.81,35.10,100,0,35.54,101.07,33.00,617.00,405,26.12,28.14,null,null,null
2022-04-18T16:03:07Z,23.82,35.13,100,0,39.90,101.07,33.00,623.00,407,26.10,28.22,null,null,null
2022-04-18T16:04:07Z,23.82,35.16,100,0,40.54,101.07,33.00,623.00,407,26.10,28.19,null,null,null
2022-04-18T16:05:07Z,23.79,35.20,100,0,36.48,101.07,34.00,629.00,409,26.13,28.17,0,0,0
2022-04-18T16:06:07Z,23.82,34.89,100,0,37.97,101.08,33.00,617.00,412,26.12,28.08,null,null,null
2022-04-18T16:07:07Z,23.82,35.04,100,0,38.25,101.08,28.00,588.00,415,26.12,28.15,null,null,null
2022-04-18T16:08:07Z,23.82,35.15,100,0,35.55,101.08,29.00,591.00,413,26.13,28.18,null,null,null
2022-04-18T16:09:07Z,23.83,35.15,100,0,36.22,101.08,33.00,617.00,410,26.13,28.14,null,null,null
2022-04-18T16:10:07Z,23.81,35.13,100,0,38.97,101.09,33.00,623.00,412,26.12,28.14,0,0,0
2022-04-18T16:11:07Z,23.83,34.91,100,0,34.20,101.09,32.00,611.00,409,26.13,28.07,null,null,null
2022-04-18T16:12:07Z,23.83,35.04,100,0,41.44,101.08,32.00,611.00,407,26.12,28.05,null,null,null
2022-04-18T16:13:07Z,23.85,35.08,100,0,39.67,101.08,33.00,617.00,407,26.16,28.13,null,null,null
2022-04-18T16:14:07Z,23.83,35.12,100,0,39.96,101.09,33.00,623.00,407,26.12,28.14,null,null,null
2022-04-18T16:15:07Z,23.81,35.16,100,0,38.22,101.08,33.00,623.00,407,26.14,28.08,0,0,0
2022-04-18T16:16:07Z,23.83,34.87,100,0,38.85,101.08,32.00,611.00,407,26.13,28.00,null,null,null
2022-04-18T16:17:07Z,23.86,34.98,100,0,37.21,101.08,32.00,611.00,407,26.13,28.08,null,null,null
2022-04-18T16:18:07Z,23.83,35.05,100,0,37.63,101.08,29.00,591.00,405,26.14,28.10,null,null,null
2022-04-18T16:19:07Z,23.85,35.11,100,0,37.66,101.07,28.00,588.00,405,26.13,28.05,null,null,null
2022-04-18T16:20:07Z,23.81,35.11,100,0,35.34,101.07,33.00,617.00,405,26.13,28.08,0,0,0
2022-04-18T16:21:07Z,23.83,34.81,100,0,38.74,101.08,29.00,596.00,408,26.13,28.00,null,null,null
2022-04-18T16:22:07Z,23.83,35.00,100,0,36.62,101.08,32.00,611.00,408,26.14,28.02,null,null,null
2022-04-18T16:23:07Z,23.83,34.98,100,0,38.63,101.08,33.00,617.00,408,26.14,28.06,null,null,null
2022-04-18T16:24:07Z,23.83,35.09,100,0,41.31,101.08,33.00,623.00,410,26.16,28.06,null,null,null
2022-04-18T16:25:07Z,23.83,35.05,100,0,38.53,101.07,33.00,623.00,414,26.14,28.02,0,0,0
2022-04-18T16:26:07Z,23.85,34.79,100,0,40.41,101.08,32.00,611.00,409,26.14,27.96,null,null,null
2022-04-18T16:27:07Z,23.85,34.92,100,0,40.50,101.08,32.00,611.00,409,26.13,27.97,null,null,null
2022-04-18T16:28:07Z,23.85,35.00,100,0,38.50,101.07,33.00,617.00,410,26.14,27.98,null,null,null
2022-04-18T16:29:07Z,23.85,35.00,100,0,39.84,101.07,33.00,617.00,412,26.13,28.04,null,null,null
2022-04-18T16:30:07Z,23.82,35.01,100,0,39.72,101.07,33.00,617.00,411,26.16,28.00,0,0,0
2022-04-18T16:31:07Z,23.83,34.73,100,0,43.21,101.07,27.00,580.00,412,26.14,27.98,null,null,null
2022-04-18T16:32:07Z,23.88,34.90,100,0,40.82,101.07,30.00,597.00,409,26.13,27.94,null,null,null
2022-04-18T16:33:07Z,23.85,34.94,100,0,35.80,101.07,32.00,611.00,410,26.14,28.02,null,null,null
2022-04-18T16:34:07Z,23.83,34.97,100,0,40.32,101.08,33.00,617.00,408,26.12,28.02,null,null,null
2022-04-18T16:35:07Z,23.83,35.04,100,0,38.33,101.07,33.00,617.00,409,26.14,28.02,0,0,0
2022-04-18T16:36:07Z,23.86,34.75,100,0,42.53,101.07,32.00,611.00,410,26.16,27.91,null,null,null
2022-04-18T16:37:07Z,23.85,34.88,100,0,40.83,101.07,33.00,617.00,410,26.14,27.97,null,null,null
2022-04-18T16:38:07Z,23.86,34.94,100,0,37.05,101.07,33.00,617.00,408,26.17,27.97,null,null,null
2022-04-18T16:39:07Z,23.83,34.98,100,0,40.01,101.07,33.00,623.00,405,26.16,27.96,null,null,null
2022-04-18T16:40:07Z,23.83,34.98,100,0,36.94,101.07,33.00,623.00,404,26.14,27.96,0,0,0
2022-04-18T16:41:07Z,23.83,34.72,100,0,38.66,101.07,32.00,611.00,406,26.16,27.94,null,null,null
2022-04-18T16:42:07Z,23.85,34.89,100,0,35.68,101.07,32.00,615.00,405,26.16,27.93,null,null,null
2022-04-18T16:43:07Z,23.85,34.90,100,0,36.38,101.07,29.00,596.00,410,26.14,27.96,null,null,null
2022-04-18T16:44:07Z,23.83,34.94,100,0,41.24,101.06,29.00,596.00,412,26.14,27.94,null,null,null
2022-04-18T16:45:07Z,23.82,35.00,100,0,41.18,101.07,29.00,591.00,412,26.16,27.93,0,0,0
2022-04-18T16:46:07Z,23.85,34.72,100,0,39.38,101.07,29.00,591.00,408,26.16,27.90,null,null,null
2022-04-18T16:47:07Z,23.86,34.88,100,0,39.00,101.07,32.00,615.00,406,26.17,27.93,null,null,null
2022-04-18T16:48:07Z,23.85,34.88,100,0,38.51,101.07,32.00,611.00,406,26.16,27.96,null,null,null
2022-04-18T16:49:07Z,23.85,34.95,100,0,38.62,101.07,33.00,617.00,406,26.14,27.90,null,null,null
2022-04-18T16:50:07Z,23.83,34.95,100,0,35.83,101.07,33.00,617.00,404,26.16,27.96,0,0,0
2022-04-18T16:51:07Z,23.86,34.63,100,0,38.43,101.07,32.00,611.00,402,26.14,27.83,null,null,null
2022-04-18T16:52:07Z,23.86,34.85,100,0,39.86,101.07,32.00,615.00,404,26.16,27.89,null,null,null
2022-04-18T16:53:07Z,23.86,34.85,100,0,40.16,101.07,32.00,611.00,401,26.17,27.92,null,null,null
2022-04-18T16:54:07Z,23.85,34.90,100,0,39.70,101.07,32.00,611.00,404,26.16,27.91,null,null,null
2022-04-18T16:55:07Z,23.85,34.93,100,0,35.41,101.07,28.00,588.00,403,26.16,27.93,0,0,0
2022-04-18T16:56:07Z,23.88,34.68,100,0,35.91,101.07,26.00,575.00,401,26.19,27.85,null,null,null
2022-04-18T16:57:07Z,23.88,34.82,100,0,40.50,101.07,32.00,615.00,401,26.14,27.87,null,null,null
2022-04-18T16:58:07Z,23.86,34.85,100,0,37.83,101.07,32.00,611.00,400,26.16,27.86,null,null,null
2022-04-18T16:59:07Z,23.86,34.90,100,0,36.31,101.07,33.00,617.00,402,26.16,27.90,null,null,null
2022-04-18T17:00:07Z,23.83,34.90,100,0,35.48,101.07,33.00,617.00,399,26.19,27.89,0,0,0
2022-04-18T17:01:07Z,23.85,34.66,100,0,41.00,101.08,30.00,603.00,398,26.16,27.80,null,null,null
2022-04-18T17:02:07Z,23.86,34.81,100,0,36.56,101.08,32.00,615.00,399,26.17,27.86,null,null,null
2022-04-18T17:03:07Z,23.86,34.86,100,0,36.52,101.08,32.00,611.00,401,26.14,27.86,null,null,null
2022-04-18T17:04:07Z,23.86,34.92,100,0,38.21,101.08,32.00,611.00,403,26.17,27.86,null,null,null
2022-04-18T17:05:07Z,23.86,34.95,100,0,42.19,101.08,28.00,588.00,404,26.16,27.87,0,0,0
2022-04-18T17:06:07Z,23.85,34.64,100,0,36.09,101.08,24.00,564.00,404,26.17,27.80,null,null,null
2022-04-18T17:07:07Z,23.85,34.82,100,0,40.87,101.08,31.00,605.00,403,26.17,27.83,null,null,null
2022-04-18T17:08:07Z,23.85,34.88,100,0,36.25,101.09,32.00,611.00,401,26.19,27.85,null,null,null
2022-04-18T17:09:07Z,23.85,34.88,100,0,38.21,101.08,33.00,617.00,400,26.17,27.82,null,null,null
2022-04-18T17:10:07Z,23.85,34.86,100,0,40.70,101.08,33.00,617.00,401,26.19,27.83,0,0,0
2022-04-18T17:11:07Z,23.86,34.65,100,0,34.71,101.08,30.00,603.00,398,26.19,27.83,null,null,null
2022-04-18T17:12:07Z,23.86,34.74,100,0,38.59,101.08,33.00,620.00,399,26.14,27.79,null,null,null
2022-04-18T17:13:07Z,23.85,34.89,100,0,36.49,101.08,33.00,620.00,401,26.16,27.82,null,null,null
2022-04-18T17:14:07Z,23.85,34.83,100,0,40.65,101.09,32.00,611.00,403,26.17,27.79,null,null,null
2022-04-18T17:15:07Z,23.85,34.90,100,0,36.75,101.09,28.00,588.00,405,26.14,27.80,0,0,0
2022-04-18T17:16:07Z,23.88,34.63,100,0,37.21,101.09,28.00,588.00,402,26.17,27.76,null,null,null
2022-04-18T17:17:07Z,23.86,34.78,100,0,40.14,101.09,32.00,615.00,402,26.16,27.77,null,null,null
2022-04-18T17:18:07Z,23.86,34.85,100,0,41.59,101.09,32.00,611.00,404,26.16,27.82,null,null,null
2022-04-18T17:19:07Z,23.85,34.83,100,0,41.96,101.09,33.00,617.00,403,26.17,27.83,null,null,null
2022-04-18T17:20:07Z,23.85,34.87,100,0,36.41,101.09,33.00,617.00,404,26.16,27.82,0,0,0
2022-04-18T17:21:07Z,23.83,34.60,100,0,40.22,101.09,30.00,603.00,405,26.17,27.75,null,null,null
2022-04-18T17:22:07Z,23.88,34.77,100,0,38.87,101.09,33.00,620.00,405,26.14,27.77,null,null,null
2022-04-18T17:23:07Z,23.86,34.81,100,0,42.56,101.09,32.00,611.00,406,26.17,27.79,null,null,null
2022-04-18T17:24:07Z,23.86,34.82,100,0,36.29,101.09,33.00,617.00,406,26.16,27.80,null,null,null
2022-04-18T17:25:07Z,23.85,34.87,100,0,42.96,101.09,28.00,588.00,404,26.16,27.80,0,0,0
2022-04-18T17:26:07Z,23.86,34.59,100,0,37.60,101.10,27.00,580.00,403,26.17,27.82,null,null,null
2022-04-18T17:27:07Z,23.86,34.73,100,0,40.14,101.10,31.00,605.00,402,26.19,27.82,null,null,null
2022-04-18T17:28:07Z,23.85,34.79,100,0,38.39,101.10,32.00,615.00,402,26.16,27.77,null,null,null
2022-04-18T17:29:07Z,23.85,34.82,100,0,38.88,101.09,32.00,615.00,399,26.19,27.80,null,null,null
2022-04-18T17:30:07Z,23.83,34.83,100,0,39.68,101.10,32.00,611.00,399,26.19,27.75,0,0,0
2022-04-18T17:31:07Z,23.83,34.61,100,0,40.57,101.10,32.00,611.00,399,26.17,27.75,null,null,null
2022-04-18T17:32:07Z,23.86,34.73,100,0,39.86,101.10,33.00,620.00,398,26.17,27.77,null,null,null
2022-04-18T17:33:07Z,23.83,34.82,100,0,38.58,101.10,33.00,620.00,400,26.17,27.80,null,null,null
2022-04-18T17:34:07Z,23.82,34.84,100,0,38.91,101.10,33.00,617.00,401,26.17,27.75,null,null,null
2022-04-18T17:35:07Z,23.85,34.86,100,0,37.91,101.10,33.00,617.00,402,26.17,27.79,0,0,0
2022-04-18T17:36:07Z,23.89,34.61,100,0,38.83,101.10,27.00,580.00,400,26.17,27.75,null,null,null
2022-04-18T17:37:07Z,23.86,34.71,100,0,40.02,101.11,29.00,591.00,400,26.17,27.72,null,null,null
2022-04-18T17:38:07Z,23.85,34.81,100,0,36.47,101.10,33.00,620.00,404,26.19,27.76,null,null,null
2022-04-18T17:39:07Z,23.85,34.84,100,0,40.53,101.10,32.00,611.00,404,26.16,27.79,null,null,null
2022-04-18T17:40:07Z,23.82,34.86,100,0,33.71,101.10,33.00,617.00,405,26.19,27.79,0,0,0
2022-04-18T17:41:07Z,23.83,34.66,100,0,39.85,101.11,32.00,611.00,404,26.17,27.72,null,null,null
2022-04-18T17:42:07Z,23.86,34.74,100,0,40.90,101.11,33.00,620.00,405,26.17,27.77,null,null,null
2022-04-18T17:43:07Z,23.86,34.72,100,0,38.03,101.10,33.00,620.00,403,26.19,27.79,null,null,null
2022-04-18T17:44:07Z,23.85,34.83,100,0,41.04,101.11,34.00,627.00,404,26.16,27.77,null,null,null
2022-04-18T17:45:07Z,23.83,34.85,100,0,39.63,101.11,33.00,623.00,400,26.19,27.76,0,0,0
2022-04-18T17:46:07Z,23.85,34.61,100,0,38.83,101.11,29.00,596.00,402,26.17,27.73,null,null,null
2022-04-18T17:47:07Z,23.86,34.68,100,0,35.53,101.11,32.00,615.00,401,26.16,27.70,null,null,null
2022-04-18T17:48:07Z,23.85,34.74,100,0,39.42,101.11,29.00,591.00,404,26.19,27.75,null,null,null
2022-04-18T17:49:07Z,23.81,34.81,100,0,39.15,101.11,30.00,597.00,401,26.16,27.77,null,null,null
2022-04-18T17:50:07Z,23.85,34.81,100,0,37.99,101.11,33.00,617.00,401,26.17,27.69,0,0,0
2022-04-18T17:51:07Z,23.83,34.67,100,0,34.81,101.11,29.00,591.00,400,26.19,27.75,null,null,null
2022-04-18T17:52:07Z,23.85,34.73,100,0,40.32,101.11,33.00,620.00,400,26.19,27.72,null,null,null
2022-04-18T17:53:07Z,23.85,34.79,100,0,39.34,101.10,34.00,627.00,400,26.16,27.73,null,null,null
2022-04-18T17:54:07Z,23.83,34.84,100,0,38.56,101.11,32.00,611.00,400,26.16,27.77,null,null,null
2022-04-18T17:55:07Z,23.82,34.79,100,0,31.70,101.10,33.00,617.00,401,26.16,27.73,0,0,0
2022-04-18T17:56:07Z,23.83,34.57,100,0,36.30,101.10,30.00,603.00,401,26.20,27.75,null,null,null
2022-04-18T17:57:07Z,23.85,34.70,100,0,41.59,101.11,32.00,615.00,400,26.17,27.70,null,null,null
2022-04-18T17:58:07Z,23.86,34.75,100,0,35.94,101.10,29.00,591.00,400,26.17,27.73,null,null,null
2022-04-18T17:59:07Z,23.85,34.77,100,0,36.07,101.11,27.00,580.00,398,26.17,27.72,null,null,null
2022-04-18T18:00:07Z,23.83,34.79,100,0,37.61,101.11,30.00,603.00,396,26.17,27.73,0,0,0
2022-04-18T18:01:07Z,23.86,34.56,100,0,37.08,101.11,30.00,603.00,398,26.17,27.73,null,null,null
2022-04-18T18:02:07Z,23.83,34.68,100,0,40.07,101.11,32.00,615.00,401,26.17,27.69,null,null,null
2022-04-18T18:03:07Z,23.86,34.72,100,0,37.74,101.11,33.00,620.00,405,26.17,27.70,null,null,null
2022-04-18T18:04:07Z,23.83,34.77,100,0,37.67,101.11,34.00,627.00,402,26.16,27.75,null,null,null
2022-04-18T18:05:07Z,23.83,34.78,100,0,38.65,101.11,33.00,617.00,402,26.17,27.73,0,0,0
2022-04-18T18:06:07Z,23.86,34.51,100,0,35.19,101.11,30.00,603.00,403,26.17,27.70,null,null,null
2022-04-18T18:07:07Z,23.85,34.73,100,0,40.94,101.11,32.00,615.00,402,26.19,27.72,null,null,null
2022-04-18T18:08:07Z,23.83,34.71,100,0,38.93,101.11,33.00,620.00,403,26.14,27.73,null,null,null
2022-04-18T18:09:07Z,23.83,34.78,100,0,39.08,101.11,30.00,597.00,404,26.20,27.68,null,null,null
2022-04-18T18:10:07Z,23.83,34.80,100,0,33.16,101.11,28.00,588.00,406,26.17,27.69,0,0,0
2022-04-18T18:11:07Z,23.83,34.59,100,0,40.99,101.11,29.00,596.00,407,26.19,27.71,null,null,null
2022-04-18T18:12:07Z,23.85,34.74,100,0,37.00,101.11,31.00,605.00,409,26.17,27.72,null,null,null
2022-04-18T18:13:07Z,23.85,34.75,100,0,37.73,101.11,32.00,615.00,408,26.20,27.74,null,null,null
2022-04-18T18:14:07Z,23.82,34.79,100,0,38.60,101.11,30.00,603.00,407,26.20,27.74,null,null,null
2022-04-18T18:15:07Z,23.83,34.77,100,0,36.33,101.11,30.00,603.00,406,26.19,27.72,0,0,0
2022-04-18T18:16:07Z,23.83,34.54,100,0,37.09,101.11,32.00,611.00,408,26.17,27.73,null,null,null
2022-04-18T18:17:07Z,23.83,34.72,100,0,38.21,101.11,32.00,615.00,410,26.19,27.71,null,null,null
2022-04-18T18:18:07Z,23.83,34.75,100,0,39.59,101.11,32.00,615.00,408,26.19,27.71,null,null,null
2022-04-18T18:19:07Z,23.83,34.79,100,0,39.47,101.11,27.00,580.00,402,26.19,27.73,null,null,null
2022-04-18T18:20:07Z,23.82,34.81,100,0,38.97,101.11,28.00,588.00,405,26.17,27.72,0,0,0
2022-04-18T18:21:07Z,23.83,34.60,100,0,35.26,101.12,30.00,603.00,407,26.20,27.72,null,null,null
2022-04-18T18:22:07Z,23.86,34.75,100,0,38.67,101.12,32.00,615.00,408,26.17,27.72,null,null,null
2022-04-18T18:23:07Z,23.83,34.72,100,0,34.76,101.13,32.00,611.00,405,26.19,27.71,null,null,null
2022-04-18T18:24:07Z,23.85,34.78,100,0,40.13,101.12,33.00,620.00,408,26.16,27.73,null,null,null
2022-04-18T18:25:07Z,23.81,34.82,100,0,40.89,101.12,33.00,617.00,411,26.17,27.79,0,0,0
2022-04-18T18:26:07Z,23.83,34.63,100,0,38.93,101.13,30.00,603.00,408,26.20,27.71,null,null,null
2022-04-18T18:27:07Z,23.85,34.69,100,0,35.83,101.13,32.00,615.00,407,26.17,27.70,null,null,null
2022-04-18T18:28:07Z,23.86,34.75,100,0,40.73,101.13,29.00,591.00,405,26.17,27.70,null,null,null
2022-04-18T18:29:07Z,23.83,34.81,100,0,40.32,101.12,27.00,580.00,407,26.17,27.76,null,null,null
2022-04-18T18:30:07Z,23.82,34.86,100,0,40.93,101.13,32.00,611.00,408,26.19,27.73,0,0,0
2022-04-18T18:31:07Z,23.85,34.60,100,0,38.25,101.13,29.00,591.00,409,26.17,27.70,null,null,null
2022-04-18T18:32:07Z,23.86,34.75,100,0,36.29,101.13,32.00,615.00,409,26.19,27.76,null,null,null
2022-04-18T18:33:07Z,23.85,34.81,100,0,35.67,101.13,32.00,611.00,406,26.20,27.75,null,null,null
2022-04-18T18:34:07Z,23.88,34.81,100,0,35.21,101.14,32.00,611.00,404,26.22,27.78,null,null,null
2022-04-18T18:35:07Z,23.82,34.89,100,0,39.21,101.13,32.00,611.00,407,26.19,27.82,0,0,0
2022-04-18T18:36:07Z,23.83,34.67,100,0,35.59,101.13,28.00,588.00,408,26.19,27.72,null,null,null
2022-04-18T18:37:07Z,23.86,34.79,100,0,35.50,101.14,26.00,577.00,407,26.19,27.71,null,null,null
2022-04-18T18:38:07Z,23.88,34.84,100,0,38.06,101.14,30.00,603.00,409,26.19,27.82,null,null,null
2022-04-18T18:39:07Z,23.83,34.86,100,0,40.72,101.14,32.00,611.00,409,26.22,27.76,null,null,null
2022-04-18T18:40:07Z,23.82,34.89,100,0,37.16,101.14,32.00,611.00,409,26.17,27.79,0,0,0
2022-04-18T18:41:07Z,23.85,34.78,100,0,42.71,101.14,30.00,603.00,408,26.20,27.78,null,null,null
2022-04-18T18:42:07Z,23.85,34.85,100,0,39.31,101.15,30.00,603.00,406,26.20,27.83,null,null,null
2022-04-18T18:43:07Z,23.88,34.90,100,0,37.71,101.15,30.00,603.00,405,26.19,27.82,null,null,null
2022-04-18T18:44:07Z,23.83,34.90,100,0,39.33,101.15,32.00,611.00,406,26.19,27.76,null,null,null
2022-04-18T18:45:07Z,23.82,34.96,100,0,38.28,101.15,28.00,588.00,401,26.20,27.83,0,0,0
2022-04-18T18:46:07Z,23.82,34.84,100,0,39.17,101.15,26.00,575.00,399,26.20,27.82,null,null,null
2022-04-18T18:47:07Z,23.86,34.97,100,0,36.60,101.15,30.00,603.00,398,26.20,27.82,null,null,null
2022-04-18T18:48:07Z,23.85,34.93,100,0,36.45,101.16,30.00,603.00,401,26.17,27.86,null,null,null
2022-04-18T18:49:07Z,23.85,34.95,100,0,39.01,101.16,33.00,617.00,401,26.20,27.89,null,null,null
2022-04-18T18:50:07Z,23.82,35.02,100,0,37.56,101.16,33.00,617.00,401,26.20,27.88,0,0,0
2022-04-18T18:51:07Z,23.86,34.89,100,0,36.00,101.16,32.00,611.00,400,26.19,27.89,null,null,null
2022-04-18T18:52:07Z,23.83,35.00,100,0,36.73,101.16,32.00,611.00,403,26.20,27.91,null,null,null
2022-04-18T18:53:07Z,23.86,34.94,100,0,34.34,101.16,33.00,617.00,407,26.19,27.91,null,null,null
2022-04-18T18:54:07Z,23.85,35.04,100,0,38.70,101.16,33.00,617.00,406,26.22,27.95,null,null,null
2022-04-18T18:55:07Z,23.83,35.04,100,0,39.53,101.16,29.00,591.00,402,26.22,27.95,0,0,0
2022-04-18T18:56:07Z,23.85,34.97,100,0,41.45,101.15,28.00,588.00,401,26.17,27.92,null,null,null
2022-04-18T18:57:07Z,23.85,35.01,100,0,38.24,101.15,33.00,617.00,400,26.19,27.93,null,null,null
2022-04-18T18:58:07Z,23.83,35.06,100,0,35.63,101.15,30.00,603.00,402,26.17,27.93,null,null,null
2022-04-18T18:59:07Z,23.85,35.13,100,0,37.56,101.15,33.00,617.00,401,26.17,27.93,null,null,null
2022-04-18T19:00:07Z,23.85,35.13,100,0,36.60,101.15,33.00,617.00,401,26.20,27.96,0,0,0
2022-04-18T19:01:07Z,23.83,35.05,100,0,37.33,101.15,33.00,617.00,401,26.22,27.98,null,null,null
2022-04-18T19:02:07Z,23.86,35.09,100,0,37.87,101.15,33.00,617.00,401,26.20,27.99,null,null,null
2022-04-18T19:03:07Z,23.88,35.13,100,0,35.69,101.15,33.00,617.00,401,26.20,27.99,null,null,null
2022-04-18T19:04:07Z,23.85,35.16,100,0,39.11,101.16,33.00,623.00,401,26.19,28.02,null,null,null
2022-04-18T19:05:07Z,23.83,35.15,100,0,38.41,101.16,33.00,617.00,400,26.19,28.02,0,0,0
2022-04-18T19:06:07Z,23.83,35.10,100,0,37.12,101.15,28.00,588.00,399,26.20,28.03,null,null,null
2022-04-18T19:07:07Z,23.85,35.20,100,0,39.00,101.16,33.00,617.00,401,26.19,28.03,null,null,null
2022-04-18T19:08:07Z,23.85,35.23,100,0,42.23,101.16,33.00,617.00,401,26.19,28.06,null,null,null
2022-04-18T19:09:07Z,23.83,35.17,100,0,35.96,101.16,33.00,623.00,401,26.19,28.07,null,null,null
2022-04-18T19:10:07Z,23.83,35.26,100,0,41.05,101.16,34.00,629.00,401,26.22,28.02,0,0,0
2022-04-18T19:11:07Z,23.85,35.16,100,0,39.91,101.16,31.00,605.00,402,26.20,28.05,null,null,null
2022-04-18T19:12:07Z,23.85,35.20,100,0,37.63,101.16,33.00,623.00,402,26.17,28.02,null,null,null
2022-04-18T19:13:07Z,23.85,35.26,100,0,39.92,101.16,33.00,617.00,402,26.19,28.03,null,null,null
2022-04-18T19:14:07Z,23.82,35.27,100,0,38.11,101.16,28.00,586.00,402,26.20,28.10,null,null,null
2022-04-18T19:15:07Z,23.85,35.24,100,0,38.64,101.16,32.00,612.00,403,26.19,28.06,0,0,0
2022-04-18T19:16:07Z,23.85,35.17,100,0,40.24,101.17,33.00,617.00,403,26.19,28.09,null,null,null
2022-04-18T19:17:07Z,23.82,35.33,100,0,40.20,101.16,33.00,617.00,399,26.19,28.10,null,null,null
2022-04-18T19:18:07Z,23.83,35.30,100,0,39.11,101.17,32.00,612.00,401,26.19,28.13,null,null,null
2022-04-18T19:19:07Z,23.83,35.31,100,0,39.03,101.17,33.00,618.00,402,26.19,28.09,null,null,null
2022-04-18T19:20:07Z,23.83,35.35,100,0,36.36,101.18,33.00,618.00,401,26.19,28.14,0,0,0
2022-04-18T19:21:07Z,23.85,35.31,100,0,38.68,101.17,26.00,577.00,401,26.19,28.13,null,null,null
2022-04-18T19:22:07Z,23.83,35.38,100,0,35.71,101.18,29.00,594.00,402,26.19,28.16,null,null,null
2022-04-18T19:23:07Z,23.83,35.38,100,0,39.43,101.18,32.00,612.00,403,26.19,28.17,null,null,null
2022-04-18T19:24:07Z,23.82,35.38,100,0,38.12,101.18,33.00,618.00,404,26.16,28.23,null,null,null
2022-04-18T19:25:07Z,23.83,35.42,100,0,40.79,101.19,33.00,618.00,405,26.17,28.19,0,0,0
2022-04-18T19:26:07Z,23.81,35.37,100,0,36.69,101.19,32.00,612.00,408,26.20,28.17,null,null,null
2022-04-18T19:27:07Z,23.83,35.41,100,0,35.85,101.18,32.00,612.00,408,26.19,28.23,null,null,null
2022-04-18T19:28:07Z,23.82,35.44,100,0,38.15,101.19,28.00,586.00,405,26.20,28.22,null,null,null
2022-04-18T19:29:07Z,23.82,35.47,100,0,34.21,101.19,31.00,605.00,404,26.19,28.23,null,null,null
2022-04-18T19:30:07Z,23.83,35.42,100,0,37.05,101.19,33.00,618.00,403,26.17,28.24,0,0,0
2022-04-18T19:31:07Z,23.85,35.41,100,0,37.92,101.19,32.00,612.00,405,26.20,28.29,null,null,null
2022-04-18T19:32:07Z,23.85,35.43,100,0,38.61,101.19,33.00,618.00,403,26.19,28.23,null,null,null
2022-04-18T19:33:07Z,23.85,35.53,100,0,39.69,101.19,33.00,618.00,405,26.19,28.24,null,null,null
2022-04-18T19:34:07Z,23.81,35.51,100,0,33.85,101.20,33.00,618.00,405,26.19,28.29,null,null,null
2022-04-18T19:35:07Z,23.79,35.54,100,0,40.02,101.20,33.00,618.00,404,26.17,28.30,0,0,0
2022-04-18T19:36:07Z,23.81,35.46,100,0,38.22,101.20,31.00,605.00,407,26.19,28.27,null,null,null
2022-04-18T19:37:07Z,23.85,35.53,100,0,42.41,101.21,28.00,586.00,409,26.20,28.31,null,null,null
2022-04-18T19:38:07Z,23.83,35.54,100,0,39.47,101.21,29.00,594.00,410,26.17,28.30,null,null,null
2022-04-18T19:39:07Z,23.82,35.58,100,0,38.35,101.21,33.00,618.00,409,26.19,28.33,null,null,null
2022-04-18T19:40:07Z,23.81,35.58,100,0,39.62,101.21,34.00,626.00,410,26.17,28.30,0,0,0
2022-04-18T19:41:07Z,23.85,35.50,100,0,34.16,101.21,33.00,618.00,411,26.19,28.31,null,null,null
2022-04-18T19:42:07Z,23.83,35.57,100,0,36.76,101.21,33.00,618.00,408,26.19,28.36,null,null,null
2022-04-18T19:43:07Z,23.83,35.60,100,0,39.34,101.21,33.00,618.00,408,26.17,28.38,null,null,null
2022-04-18T19:44:07Z,23.83,35.58,100,0,36.48,101.21,34.00,626.00,408,26.17,28.36,null,null,null
2022-04-18T19:45:07Z,23.81,35.58,100,0,39.62,101.21,34.00,626.00,411,26.19,28.37,0,0,0
2022-04-18T19:46:07Z,23.82,35.53,100,0,37.54,101.22,34.00,626.00,408,26.22,28.36,null,null,null
2022-04-18T19:47:07Z,23.82,35.58,100,0,36.16,101.21,33.00,618.00,405,26.17,28.34,null,null,null
2022-04-18T19:48:07Z,23.83,35.62,100,0,38.77,101.21,33.00,618.00,408,26.17,28.38,null,null,null
2022-04-18T19:49:07Z,23.82,35.65,100,0,39.97,101.22,30.00,599.00,410,26.19,28.36,null,null,null
2022-04-18T19:50:07Z,23.82,35.68,100,0,36.44,101.22,30.00,599.00,409,26.14,28.44,0,0,0
2022-04-18T19:51:07Z,23.83,35.65,100,0,36.80,101.22,34.00,626.00,411,26.16,28.38,null,null,null
2022-04-18T19:52:07Z,23.82,35.66,100,0,37.36,101.22,34.00,626.00,410,26.17,28.44,null,null,null
2022-04-18T19:53:07Z,23.83,35.69,100,0,36.20,101.22,34.00,629.00,410,26.16,28.42,null,null,null
2022-04-18T19:54:07Z,23.81,35.69,100,0,34.17,101.22,34.00,629.00,409,26.19,28.47,null,null,null
2022-04-18T19:55:07Z,23.82,35.72,100,0,37.72,101.23,34.00,629.00,410,26.14,28.47,0,0,0
2022-04-18T19:56:07Z,23.82,35.68,100,0,38.98,101.22,33.00,618.00,410,26.17,28.44,null,null,null
2022-04-18T19:57:07Z,23.82,35.68,100,0,40.36,101.22,34.00,626.00,410,26.16,28.48,null,null,null
2022-04-18T19:58:07Z,23.81,35.72,100,0,39.68,101.23,34.00,626.00,410,26.17,28.42,null,null,null
2022-04-18T19:59:07Z,23.81,35.77,100,0,40.84,101.23,31.00,605.00,409,26.14,28.50,null,null,null
2022-04-18T20:00:07Z,23.78,35.74,100,0,38.92,101.23,33.00,618.00,409,26.19,28.47,0,0,0
2022-04-18T20:01:07Z,23.82,35.73,100,0,37.54,101.23,33.00,618.00,408,26.16,28.44,null,null,null
2022-04-18T20:02:07Z,23.82,35.77,100,0,41.85,101.23,34.00,626.00,408,26.16,28.51,null,null,null
2022-04-18T20:03:07Z,23.81,35.80,100,0,32.82,101.23,33.00,618.00,408,26.14,28.52,null,null,null
2022-04-18T20:04:07Z,23.76,35.79,100,0,34.19,101.23,33.00,618.00,411,26.16,28.48,null,null,null
2022-04-18T20:05:07Z,23.79,35.80,100,0,39.46,101.23,34.00,624.00,412,26.17,28.48,0,0,0
2022-04-18T20:06:07Z,23.81,35.81,100,0,39.58,101.22,30.00,600.00,413,26.19,28.53,null,null,null
2022-04-18T20:07:07Z,23.81,35.79,100,0,39.59,101.22,28.00,584.00,411,26.13,28.51,null,null,null
2022-04-18T20:08:07Z,23.81,35.81,100,0,35.74,101.22,28.00,584.00,412,26.16,28.50,null,null,null
2022-04-18T20:09:07Z,23.79,35.84,100,0,41.87,101.22,32.00,615.00,410,26.17,28.58,null,null,null
2022-04-18T20:10:07Z,23.78,35.83,100,0,36.54,101.22,33.00,618.00,409,26.13,28.56,0,0,0
2022-04-18T20:11:07Z,23.79,35.83,100,0,42.03,101.22,30.00,600.00,405,26.13,28.51,null,null,null
2022-04-18T20:12:07Z,23.78,35.83,100,0,39.85,101.22,31.00,607.00,406,26.13,28.55,null,null,null
2022-04-18T20:13:07Z,23.79,35.89,100,0,36.91,101.22,32.00,615.00,407,26.12,28.52,null,null,null
2022-04-18T20:14:07Z,23.76,35.89,100,0,39.91,101.22,32.00,615.00,407,26.13,28.55,null,null,null
2022-04-18T20:15:07Z,23.75,35.89,100,0,35.09,101.22,32.00,615.00,408,26.12,28.61,0,0,0
2022-04-18T20:16:07Z,23.76,35.85,100,0,37.96,101.22,31.00,607.00,409,26.14,28.58,null,null,null
2022-04-18T20:17:07Z,23.75,35.87,100,0,37.63,101.22,28.00,584.00,412,26.13,28.59,null,null,null
2022-04-18T20:18:07Z,23.72,35.88,100,0,40.69,101.22,29.00,596.00,410,26.13,28.59,null,null,null
2022-04-18T20:19:07Z,23.75,35.89,100,0,42.20,101.22,39.00,659.00,410,26.12,28.61,null,null,null
2022-04-18T20:20:07Z,23.71,35.91,100,0,37.02,101.22,32.00,615.00,408,26.12,28.55,0,0,0
2022-04-18T20:21:07Z,23.74,35.85,100,0,40.11,101.22,38.00,652.00,410,26.13,28.59,null,null,null
2022-04-18T20:22:07Z,23.74,35.86,100,0,40.14,101.22,39.00,659.00,408,26.09,28.62,null,null,null
2022-04-18T20:23:07Z,23.74,35.92,100,0,36.66,101.22,39.00,659.00,409,26.12,28.55,null,null,null
2022-04-18T20:24:07Z,23.71,35.92,100,0,37.91,101.22,40.00,668.00,411,26.10,28.61,null,null,null
2022-04-18T20:25:07Z,23.69,35.90,100,0,37.52,101.22,40.00,668.00,412,26.07,28.62,0,0,0
2022-04-18T20:26:07Z,23.72,35.82,100,0,36.91,101.22,38.00,652.00,414,26.07,28.59,null,null,null
2022-04-18T20:27:07Z,23.71,35.92,100,0,39.30,101.22,34.00,626.00,410,26.10,28.58,null,null,null
2022-04-18T20:28:07Z,23.71,35.94,100,0,36.61,101.22,34.00,626.00,409,26.07,28.64,null,null,null
2022-04-18T20:29:07Z,23.71,35.94,100,0,37.37,101.22,38.00,652.00,407,26.07,28.62,null,null,null
2022-04-18T20:30:07Z,23.66,35.94,100,0,34.39,101.22,39.00,659.00,404,26.07,28.64,0,0,0
2022-04-18T20:31:07Z,23.66,35.89,100,0,38.25,101.22,39.00,659.00,403,26.03,28.58,null,null,null
2022-04-18T20:32:07Z,23.71,35.92,100,0,35.00,101.22,38.00,652.00,402,26.07,28.59,null,null,null
2022-04-18T20:33:07Z,23.66,35.96,100,0,40.11,101.23,39.00,659.00,404,26.06,28.61,null,null,null
2022-04-18T20:34:07Z,23.66,35.98,100,0,39.31,101.22,39.00,659.00,406,26.04,28.61,null,null,null
2022-04-18T20:35:07Z,23.65,35.97,100,0,39.28,101.23,40.00,668.00,405,26.04,28.68,0,0,0
2022-04-18T20:36:07Z,23.65,35.90,100,0,39.48,101.23,38.00,652.00,405,26.03,28.60,null,null,null
2022-04-18T20:37:07Z,23.68,35.98,100,0,34.95,101.22,34.00,626.00,403,26.03,28.61,null,null,null
2022-04-18T20:38:07Z,23.64,35.95,100,0,37.61,101.22,35.00,634.00,405,26.03,28.64,null,null,null
2022-04-18T20:39:07Z,23.65,36.03,100,0,37.80,101.22,39.00,659.00,405,26.02,28.58,null,null,null
2022-04-18T20:40:07Z,23.62,35.99,100,0,41.17,101.23,39.00,659.00,406,26.02,28.63,0,0,0
2022-04-18T20:41:07Z,23.64,35.90,100,0,39.43,101.23,38.00,652.00,406,26.02,28.61,null,null,null
2022-04-18T20:42:07Z,23.64,35.98,100,0,38.27,101.23,38.00,652.00,405,26.02,28.66,null,null,null
2022-04-18T20:43:07Z,23.62,35.96,100,0,41.91,101.23,38.00,652.00,402,26.03,28.64,null,null,null
2022-04-18T20:44:07Z,23.64,36.05,100,0,37.23,101.23,39.00,659.00,403,26.00,28.61,null,null,null
2022-04-18T20:45:07Z,23.58,36.00,100,0,42.51,101.23,38.00,652.00,404,25.99,28.69,0,0,0
2022-04-18T20:46:07Z,23.62,35.95,100,0,39.22,101.24,32.00,611.00,405,25.97,28.63,null,null,null
2022-04-18T20:47:07Z,23.64,36.02,100,0,39.79,101.24,33.00,617.00,406,26.00,28.67,null,null,null
2022-04-18T20:48:07Z,23.62,36.00,100,0,38.86,101.23,35.00,634.00,405,25.99,28.65,null,null,null
2022-04-18T20:49:07Z,23.59,36.03,100,0,39.99,101.24,38.00,652.00,404,25.97,28.67,null,null,null
2022-04-18T20:50:07Z,23.57,36.03,100,0,40.27,101.23,38.00,652.00,406,25.96,28.62,0,0,0
2022-04-18T20:51:07Z,23.59,35.96,100,0,37.48,101.23,36.00,640.00,402,25.97,28.63,null,null,null
2022-04-18T20:52:07Z,23.59,35.99,100,0,39.02,101.23,37.00,646.00,399,25.97,28.62,null,null,null
2022-04-18T20:53:07Z,23.58,36.02,100,0,38.47,101.23,37.00,646.00,399,25.96,28.71,null,null,null
2022-04-18T20:54:07Z,23.57,36.02,100,0,43.60,101.23,38.00,652.00,400,25.95,28.65,null,null,null
2022-04-18T20:55:07Z,23.55,36.07,100,0,36.80,101.23,38.00,652.00,398,25.95,28.69,0,0,0
2022-04-18T20:56:07Z,23.57,35.96,100,0,39.59,101.23,35.00,634.00,397,25.95,28.68,null,null,null
2022-04-18T20:57:07Z,23.58,36.00,100,0,41.12,101.23,32.00,611.00,398,25.97,28.68,null,null,null
2022-04-18T20:58:07Z,23.55,36.01,100,0,39.60,101.23,33.00,617.00,400,25.95,28.69,null,null,null
2022-04-18T20:59:07Z,23.54,36.03,100,0,39.70,101.23,34.00,626.00,399,25.95,28.71,null,null,null
2022-04-18T21:00:07Z,23.51,36.08,100,0,36.61,101.23,38.00,652.00,399,25.95,28.72,0,0,0
2022-04-18T21:01:07Z,23.53,35.96,100,0,44.09,101.23,36.00,640.00,398,25.93,28.63,null,null,null
2022-04-18T21:02:07Z,23.55,36.04,100,0,38.76,101.23,37.00,646.00,398,25.93,28.70,null,null,null
2022-04-18T21:03:07Z,23.53,36.08,100,0,41.44,101.23,38.00,652.00,400,25.93,28.63,null,null,null
2022-04-18T21:04:07Z,23.53,36.07,100,0,40.43,101.23,38.00,652.00,399,25.92,28.65,null,null,null
2022-04-18T21:05:07Z,23.48,36.09,100,0,36.38,101.24,38.00,652.00,401,25.93,28.72,0,0,0
2022-04-18T21:06:07Z,23.51,36.00,100,0,37.75,101.24,37.00,646.00,400,25.92,28.68,null,null,null
2022-04-18T21:07:07Z,23.54,36.09,100,0,32.74,101.24,36.00,640.00,401,25.93,28.70,null,null,null
2022-04-18T21:08:07Z,23.50,36.11,100,0,41.06,101.24,33.00,617.00,403,25.92,28.69,null,null,null
2022-04-18T21:09:07Z,23.50,36.05,100,0,41.80,101.24,34.00,626.00,402,25.92,28.68,null,null,null
2022-04-18T21:10:07Z,23.50,36.09,100,0,39.00,101.24,38.00,652.00,403,25.92,28.70,0,0,0
2022-04-18T21:11:07Z,23.51,36.05,100,0,35.47,101.24,36.00,640.00,402,25.89,28.70,null,null,null
2022-04-18T21:12:07Z,23.51,36.05,100,0,38.62,101.25,37.00,646.00,401,25.90,28.66,null,null,null
2022-04-18T21:13:07Z,23.47,36.09,100,0,39.06,101.24,37.00,646.00,403,25.89,28.68,null,null,null
2022-04-18T21:14:07Z,23.47,36.12,100,0,38.30,101.24,37.00,646.00,402,25.88,28.68,null,null,null
2022-04-18T21:15:07Z,23.45,36.12,100,0,40.19,101.24,38.00,652.00,404,25.89,28.68,0,0,0
2022-04-18T21:16:07Z,23.44,36.08,100,0,40.40,101.25,38.00,652.00,407,25.86,28.71,null,null,null
2022-04-18T21:17:07Z,23.47,36.08,100,0,41.77,101.24,37.00,646.00,407,25.86,28.76,null,null,null
2022-04-18T21:18:07Z,23.50,36.12,100,0,77.65,101.25,33.00,617.00,404,25.88,28.71,null,null,null
2022-04-18T21:19:07Z,23.48,36.11,100,0,75.33,101.25,33.00,620.00,408,25.89,28.76,null,null,null
2022-04-18T21:20:07Z,23.41,36.13,100,0,72.48,101.24,39.00,659.00,407,25.86,28.71,0,0,0
2022-04-18T21:21:07Z,23.44,36.03,100,0,72.35,101.25,41.00,672.00,408,25.88,28.71,null,null,null
2022-04-18T21:22:07Z,23.44,36.07,100,0,72.05,101.25,42.00,678.00,408,25.83,28.72,null,null,null
2022-04-18T21:23:07Z,23.44,36.10,100,0,79.94,101.25,43.00,686.00,408,25.85,28.68,null,null,null
2022-04-18T21:24:07Z,23.43,36.14,100,0,82.24,101.25,44.00,694.00,409,25.83,28.72,null,null,null
2022-04-18T21:25:07Z,23.41,36.17,100,0,82.74,101.24,44.00,694.00,409,25.82,28.75,0,0,0
2022-04-18T21:26:07Z,23.43,36.11,100,0,84.97,101.25,43.00,686.00,411,25.83,28.74,null,null,null
2022-04-18T21:27:07Z,23.44,36.13,100,0,76.21,101.25,42.00,678.00,408,25.83,28.74,null,null,null
2022-04-18T21:28:07Z,23.41,36.09,100,0,79.11,101.24,41.00,672.00,410,25.82,28.74,null,null,null
2022-04-18T21:29:07Z,23.41,36.13,100,0,77.91,101.25,38.00,652.00,411,25.82,28.77,null,null,null
2022-04-18T21:30:07Z,23.38,36.19,100,0,71.87,101.24,39.00,659.00,414,25.82,28.71,0,0,0
2022-04-18T21:31:07Z,23.39,36.13,100,0,78.42,101.24,40.00,668.00,415,25.80,28.78,null,null,null
2022-04-18T21:32:07Z,23.39,36.14,100,0,64.92,101.24,41.00,672.00,415,25.78,28.79,null,null,null
2022-04-18T21:33:07Z,23.38,36.13,100,0,78.46,101.24,42.00,678.00,416,25.80,28.75,null,null,null
2022-04-18T21:34:07Z,23.37,36.12,100,0,78.90,101.24,42.00,678.00,417,25.80,28.81,null,null,null
2022-04-18T21:35:07Z,23.34,36.23,100,0,74.75,101.24,43.00,686.00,418,25.82,28.77,0,0,0
2022-04-18T21:36:07Z,23.37,36.11,100,0,67.29,101.24,40.00,668.00,419,25.76,28.75,null,null,null
2022-04-18T21:37:07Z,23.38,36.15,100,0,73.92,101.24,41.00,672.00,420,25.78,28.79,null,null,null
2022-04-18T21:38:07Z,23.38,36.19,100,0,81.99,101.24,41.00,672.00,419,25.78,28.79,null,null,null
2022-04-18T21:39:07Z,23.34,36.22,100,0,81.72,101.24,40.00,668.00,417,25.79,28.78,null,null,null
2022-04-18T21:40:07Z,23.34,36.16,100,0,62.38,101.24,41.00,672.00,416,25.76,28.78,0,0,0
2022-04-18T21:41:07Z,23.34,36.19,100,0,70.75,101.24,35.00,634.00,416,25.75,28.73,null,null,null
2022-04-18T21:42:07Z,23.34,36.22,100,0,88.62,101.24,35.00,634.00,419,25.78,28.79,null,null,null
2022-04-18T21:43:07Z,23.34,36.23,100,0,73.36,101.24,36.00,640.00,420,25.75,28.80,null,null,null
2022-04-18T21:44:07Z,23.33,36.23,100,0,75.74,101.24,41.00,672.00,422,25.75,28.79,null,null,null
2022-04-18T21:45:07Z,23.31,36.23,100,0,78.19,101.24,40.00,668.00,421,25.76,28.79,0,0,0
2022-04-18T21:46:07Z,23.31,36.20,100,0,89.25,101.24,39.00,659.00,419,25.76,28.80,null,null,null
2022-04-18T21:47:07Z,23.33,36.20,100,0,78.29,101.25,40.00,668.00,418,25.75,28.79,null,null,null
2022-04-18T21:48:07Z,23.34,36.22,100,0,77.70,101.25,40.00,668.00,420,25.73,28.83,null,null,null
2022-04-18T21:49:07Z,23.30,36.20,100,0,75.81,101.24,41.00,672.00,418,25.73,28.76,null,null,null
2022-04-18T21:50:07Z,23.30,36.24,100,0,76.39,101.24,41.00,672.00,418,25.72,28.83,0,0,0
2022-04-18T21:51:07Z,23.30,36.20,100,0,75.10,101.25,39.00,659.00,415,25.73,28.79,null,null,null
2022-04-18T21:52:07Z,23.33,36.25,100,0,63.28,101.24,39.00,659.00,416,25.72,28.83,null,null,null
2022-04-18T21:53:07Z,23.30,36.28,100,0,68.83,101.25,37.00,649.00,417,25.70,28.80,null,null,null
2022-04-18T21:54:07Z,23.30,36.25,100,0,80.64,101.24,34.00,624.00,414,25.70,28.80,null,null,null
2022-04-18T21:55:07Z,23.27,36.30,100,0,80.98,101.24,34.00,624.00,414,25.69,28.80,0,0,0
2022-04-18T21:56:07Z,23.26,36.23,100,0,68.55,101.25,34.00,629.00,412,25.70,28.83,null,null,null
2022-04-18T21:57:07Z,23.28,36.25,100,0,75.08,101.25,37.00,646.00,413,25.72,28.81,null,null,null
2022-04-18T21:58:07Z,23.27,36.27,100,0,74.01,101.24,36.00,641.00,412,25.69,28.87,null,null,null
2022-04-18T21:59:07Z,23.26,36.24,100,0,69.75,101.24,36.00,641.00,414,25.68,28.84,null,null,null
2022-04-18T22:00:07Z,23.24,36.25,100,0,74.11,101.24,36.00,641.00,414,25.69,28.83,0,0,0
2022-04-18T22:01:07Z,23.28,36.20,100,0,76.83,101.25,36.00,637.00,415,25.66,28.81,null,null,null
2022-04-18T22:02:07Z,23.27,36.23,100,0,85.49,101.24,39.00,659.00,417,25.68,28.84,null,null,null
2022-04-18T22:03:07Z,23.28,36.31,100,0,79.52,101.24,39.00,659.00,416,25.68,28.83,null,null,null
2022-04-18T22:04:07Z,23.24,36.28,100,0,76.83,101.24,37.00,649.00,417,25.65,28.85,null,null,null
2022-04-18T22:05:07Z,23.23,36.28,100,0,77.66,101.24,36.00,637.00,419,25.65,28.82,0,0,0
2022-04-18T22:06:07Z,23.21,36.28,100,0,78.64,101.25,33.00,618.00,417,25.68,28.84,null,null,null
2022-04-18T22:07:07Z,23.26,36.30,100,0,88.53,101.24,30.00,603.00,415,25.65,28.85,null,null,null
2022-04-18T22:08:07Z,23.24,36.31,100,0,80.40,101.24,36.00,641.00,414,25.65,28.85,null,null,null
2022-04-18T22:09:07Z,23.24,36.33,100,0,76.97,101.24,36.00,637.00,417,25.65,28.82,null,null,null
2022-04-18T22:10:07Z,23.18,36.32,100,0,74.43,101.24,36.00,637.00,419,25.64,28.85,0,0,0
2022-04-18T22:11:07Z,23.23,36.28,100,0,73.75,101.24,36.00,637.00,418,25.64,28.88,null,null,null
2022-04-18T22:12:07Z,23.23,36.31,100,0,72.30,101.24,37.00,645.00,417,25.62,28.88,null,null,null
2022-04-18T22:13:07Z,23.23,36.36,100,0,82.32,101.24,37.00,645.00,418,25.64,28.88,null,null,null
2022-04-18T22:14:07Z,23.21,36.34,100,0,85.44,101.23,38.00,650.00,416,25.64,28.88,null,null,null
2022-04-18T22:15:07Z,23.20,36.39,100,0,79.66,101.24,38.00,650.00,417,25.65,28.88,0,0,0
2022-04-18T22:16:07Z,23.24,36.31,100,0,72.83,101.24,36.00,637.00,417,25.64,28.89,null,null,null
2022-04-18T22:17:07Z,23.23,36.39,100,0,81.84,101.24,36.00,637.00,414,25.64,28.85,null,null,null
2022-04-18T22:18:07Z,23.20,36.37,100,0,72.12,101.24,37.00,645.00,414,25.62,28.89,null,null,null
2022-04-18T22:19:07Z,23.20,36.38,100,0,73.52,101.24,33.00,618.00,418,25.66,28.88,null,null,null
2022-04-18T22:20:07Z,23.20,36.37,100,0,87.69,101.24,33.00,618.00,417,25.65,28.89,0,0,0
2022-04-18T22:21:07Z,23.21,36.39,100,0,73.60,101.24,32.00,612.00,415,25.65,28.92,null,null,null
2022-04-18T22:22:07Z,23.23,36.39,100,0,80.20,101.24,37.00,645.00,415,25.64,28.96,null,null,null
2022-04-18T22:23:07Z,23.21,36.41,100,0,74.47,101.24,38.00,650.00,412,25.66,28.88,null,null,null
2022-04-18T22:24:07Z,23.20,36.43,100,0,86.11,101.24,38.00,650.00,415,25.62,28.89,null,null,null
2022-04-18T22:25:07Z,23.20,36.45,100,0,70.62,101.25,38.00,650.00,410,25.65,28.92,0,0,0
2022-04-18T22:26:07Z,23.21,36.40,100,0,71.51,101.24,38.00,650.00,409,25.66,28.92,null,null,null
2022-04-18T22:27:07Z,23.23,36.36,100,0,79.45,101.24,38.00,650.00,410,25.66,28.91,null,null,null
2022-04-18T22:28:07Z,23.23,36.43,100,0,79.28,101.25,38.00,650.00,410,25.65,28.96,null,null,null
2022-04-18T22:29:07Z,23.20,36.37,100,0,70.90,101.25,39.00,657.00,410,25.64,28.91,null,null,null
2022-04-18T22:30:07Z,23.20,36.48,100,0,82.92,101.25,39.00,660.00,408,25.64,28.96,0,0,0
2022-04-18T22:31:07Z,23.24,36.44,100,0,79.55,101.25,38.00,650.00,409,25.65,28.94,null,null,null
2022-04-18T22:32:07Z,23.21,36.42,100,0,73.67,101.25,39.00,657.00,409,25.65,28.95,null,null,null
2022-04-18T22:33:07Z,23.24,36.40,100,0,72.13,101.25,39.00,657.00,408,25.65,28.96,null,null,null
2022-04-18T22:34:07Z,23.23,36.47,100,0,78.99,101.25,35.00,631.00,410,25.64,28.99,null,null,null
2022-04-18T22:35:07Z,23.23,36.47,100,0,64.39,101.25,35.00,631.00,409,25.65,28.95,0,0,0
2022-04-18T22:36:07Z,23.24,36.46,100,0,72.70,101.25,34.00,624.00,410,25.65,28.94,null,null,null
2022-04-18T22:37:07Z,23.23,36.44,100,0,87.69,101.25,39.00,657.00,411,25.66,28.92,null,null,null
2022-04-18T22:38:07Z,23.21,36.44,100,0,74.29,101.25,39.00,657.00,411,25.65,28.95,null,null,null
2022-04-18T22:39:07Z,23.20,36.49,100,0,77.86,101.25,39.00,657.00,412,25.65,28.96,null,null,null
2022-04-18T22:40:07Z,23.21,36.47,100,0,72.92,101.25,39.00,660.00,415,25.65,28.94,0,0,0
2022-04-18T22:41:07Z,23.23,36.50,100,0,81.90,101.25,38.00,650.00,414,25.66,28.94,null,null,null
2022-04-18T22:42:07Z,23.26,36.46,100,0,81.00,101.25,38.00,650.00,412,25.65,28.95,null,null,null
2022-04-18T22:43:07Z,23.23,36.50,100,0,77.77,101.25,39.00,660.00,411,25.65,28.98,null,null,null
2022-04-18T22:44:07Z,23.23,36.48,100,0,78.68,101.25,39.00,660.00,411,25.62,28.97,null,null,null
2022-04-18T22:45:07Z,23.20,36.51,100,0,78.50,101.24,39.00,660.00,411,25.64,28.98,0,0,0
2022-04-18T22:46:07Z,23.23,36.45,100,0,79.28,101.25,39.00,660.00,408,25.66,28.99,null,null,null
2022-04-18T22:47:07Z,23.24,36.50,100,0,77.48,101.25,39.00,657.00,410,25.64,28.96,null,null,null
2022-04-18T22:48:07Z,23.23,36.51,100,0,77.66,101.25,39.00,657.00,410,25.62,29.00,null,null,null
2022-04-18T22:49:07Z,23.21,36.53,100,0,77.86,101.25,36.00,637.00,411,25.66,28.95,null,null,null
2022-04-18T22:50:07Z,23.21,36.53,100,0,80.09,101.25,36.00,637.00,411,25.65,29.01,0,0,0
2022-04-18T22:51:07Z,23.21,36.45,100,0,79.91,101.25,34.00,624.00,411,25.65,29.03,null,null,null
2022-04-18T22:52:07Z,23.24,36.51,100,0,78.24,101.25,36.00,637.00,413,25.62,29.05,null,null,null
2022-04-18T22:53:07Z,23.21,36.52,100,0,74.17,101.25,39.00,657.00,412,25.65,29.03,null,null,null
2022-04-18T22:54:07Z,23.23,36.53,100,0,71.43,101.25,39.00,657.00,414,25.64,29.03,null,null,null
2022-04-18T22:55:07Z,23.20,36.51,100,0,73.71,101.25,39.00,660.00,414,25.65,28.98,0,0,0
2022-04-18T22:56:07Z,23.20,36.56,100,0,72.25,101.25,39.00,657.00,416,25.64,29.02,null,null,null
2022-04-18T22:57:07Z,23.23,36.52,100,0,77.30,101.25,39.00,660.00,413,25.65,29.08,null,null,null
2022-04-18T22:58:07Z,23.23,36.51,100,0,81.49,101.25,39.00,660.00,413,25.64,29.02,null,null,null
2022-04-18T22:59:07Z,23.23,36.55,100,0,82.12,101.25,40.00,668.00,415,25.64,29.06,null,null,null
2022-04-18T23:00:07Z,23.21,36.60,100,0,63.97,101.25,39.00,660.00,415,25.65,29.05,0,0,0
2022-04-18T23:01:07Z,23.21,36.51,100,0,70.89,101.25,39.00,657.00,416,25.65,28.99,null,null,null
2022-04-18T23:02:07Z,23.23,36.51,100,0,74.26,101.25,39.00,660.00,417,25.65,29.06,null,null,null
2022-04-18T23:03:07Z,23.23,36.55,100,0,72.63,101.25,39.00,660.00,420,25.65,29.03,null,null,null
2022-04-18T23:04:07Z,23.23,36.59,100,0,74.06,101.25,35.00,631.00,421,25.64,29.06,null,null,null
2022-04-18T23:05:07Z,23.18,36.56,100,0,80.19,101.25,36.00,637.00,419,25.62,29.05,0,0,0
2022-04-18T23:06:07Z,23.24,36.55,100,0,82.07,101.25,34.00,624.00,419,25.62,29.05,null,null,null
2022-04-18T23:07:07Z,23.24,36.56,100,0,81.30,101.25,39.00,657.00,416,25.64,29.05,null,null,null
2022-04-18T23:08:07Z,23.23,36.56,100,0,68.95,101.25,39.00,657.00,415,25.62,29.07,null,null,null
2022-04-18T23:09:07Z,23.23,36.59,100,0,71.39,101.25,39.00,660.00,413,25.64,29.05,null,null,null
2022-04-18T23:10:07Z,23.20,36.59,100,0,73.26,101.25,39.00,660.00,411,25.64,29.05,0,0,0
2022-04-18T23:11:07Z,23.23,36.56,100,0,76.90,101.25,39.00,657.00,412,25.64,29.05,null,null,null
2022-04-18T23:12:07Z,23.24,36.56,100,0,85.05,101.25,39.00,657.00,412,25.62,29.06,null,null,null
2022-04-18T23:13:07Z,23.23,36.55,100,0,71.81,101.25,39.00,657.00,411,25.62,29.09,null,null,null
2022-04-18T23:14:07Z,23.21,36.58,100,0,78.24,101.25,40.00,668.00,410,25.62,29.06,null,null,null
2022-04-18T23:15:07Z,23.20,36.60,100,0,74.49,101.25,40.00,668.00,409,25.64,29.09,0,0,0
2022-04-18T23:16:07Z,23.23,36.55,100,0,68.69,101.25,39.00,660.00,414,25.64,29.06,null,null,null
2022-04-18T23:17:07Z,23.21,36.54,100,0,71.24,101.25,39.00,660.00,415,25.62,29.05,null,null,null
2022-04-18T23:18:07Z,23.23,36.57,100,0,67.36,101.25,40.00,668.00,413,25.61,29.13,null,null,null
2022-04-18T23:19:07Z,23.23,36.62,100,0,78.71,101.25,40.00,668.00,413,25.61,29.12,null,null,null
2022-04-18T23:20:07Z,23.20,36.62,100,0,79.05,101.25,42.00,678.00,412,25.62,29.10,0,0,0
2022-04-18T23:21:07Z,23.21,36.57,100,0,79.72,101.25,39.00,660.00,414,25.64,29.08,null,null,null
2022-04-18T23:22:07Z,23.23,36.59,100,0,74.58,101.25,39.00,657.00,412,25.64,29.13,null,null,null
2022-04-18T23:23:07Z,23.21,36.53,100,0,81.46,101.25,39.00,657.00,413,25.61,29.10,null,null,null
2022-04-18T23:24:07Z,23.20,36.59,100,0,67.97,101.24,35.00,631.00,413,25.61,29.09,null,null,null
2022-04-18T23:25:07Z,23.17,36.62,100,0,74.05,101.25,35.00,631.00,417,25.64,29.09,0,0,0
2022-04-18T23:26:07Z,23.23,36.60,100,0,74.03,101.24,35.00,631.00,417,25.61,29.10,null,null,null
2022-04-18T23:27:07Z,23.21,36.60,100,0,81.96,101.24,35.00,631.00,416,25.61,29.14,null,null,null
2022-04-18T23:28:07Z,23.21,36.60,100,0,77.32,101.24,37.00,645.00,414,25.64,29.09,null,null,null
2022-04-18T23:29:07Z,23.18,36.64,100,0,78.09,101.24,39.00,660.00,414,25.62,29.12,null,null,null
2022-04-18T23:30:07Z,23.20,36.66,100,0,58.41,101.24,39.00,660.00,414,25.61,29.10,0,0,0
2022-04-18T23:31:07Z,23.23,36.66,100,0,82.52,101.24,39.00,657.00,411,25.61,29.10,null,null,null
2022-04-18T23:32:07Z,23.21,36.60,100,0,68.01,101.24,39.00,660.00,408,25.62,29.09,null,null,null
2022-04-18T23:33:07Z,23.21,36.66,100,0,81.11,101.24,39.00,660.00,408,25.61,29.12,null,null,null
2022-04-18T23:34:07Z,23.20,36.62,100,0,77.34,101.24,40.00,668.00,411,25.59,29.13,null,null,null
2022-04-18T23:35:07Z,23.17,36.62,100,0,68.58,101.24,40.00,668.00,412,25.61,29.09,0,0,0
2022-04-18T23:36:07Z,23.21,36.59,100,0,71.38,101.24,39.00,657.00,413,25.61,29.09,null,null,null
2022-04-18T23:37:07Z,23.21,36.62,100,0,75.97,101.24,38.00,650.00,414,25.61,29.10,null,null,null
2022-04-18T23:38:07Z,23.21,36.59,100,0,72.89,101.25,39.00,660.00,413,25.64,29.09,null,null,null
2022-04-18T23:39:07Z,23.21,36.60,100,0,74.01,101.24,39.00,660.00,411,25.61,29.14,null,null,null
2022-04-18T23:40:07Z,23.20,36.57,100,0,81.15,101.24,40.00,668.00,410,25.61,29.14,0,0,0
2022-04-18T23:41:07Z,23.20,36.59,100,0,74.52,101.25,38.00,650.00,407,25.61,29.13,null,null,null
2022-04-18T23:42:07Z,23.21,36.58,100,0,77.42,101.25,39.00,657.00,405,25.59,29.13,null,null,null
2022-04-18T23:43:07Z,23.18,36.60,100,0,77.22,101.25,35.00,631.00,407,25.61,29.12,null,null,null
2022-04-18T23:44:07Z,23.21,36.60,100,0,70.28,101.25,35.00,631.00,406,25.61,29.13,null,null,null
2022-04-18T23:45:07Z,23.17,36.59,100,0,77.86,101.25,39.00,660.00,406,25.58,29.16,0,0,0
2022-04-18T23:46:07Z,23.18,36.63,100,0,69.24,101.25,37.00,645.00,405,25.59,29.09,null,null,null
2022-04-18T23:47:07Z,23.21,36.62,100,0,72.39,101.25,38.00,650.00,406,25.59,29.06,null,null,null
2022-04-18T23:48:07Z,23.20,36.64,100,0,72.91,101.25,39.00,660.00,406,25.59,29.14,null,null,null
2022-04-18T23:49:07Z,23.18,36.60,100,0,76.76,101.25,39.00,660.00,405,25.59,29.16,null,null,null
2022-04-18T23:50:07Z,23.18,36.64,100,0,74.07,101.25,39.00,660.00,406,25.57,29.07,0,0,0
2022-04-18T23:51:07Z,23.18,36.57,100,0,88.86,101.26,39.00,657.00,409,25.58,29.11,null,null,null
2022-04-18T23:52:07Z,23.18,36.59,100,0,84.17,101.25,39.00,657.00,410,25.59,29.06,null,null,null
2022-04-18T23:53:07Z,23.20,36.66,100,0,76.95,101.26,39.00,657.00,409,25.59,29.11,null,null,null
2022-04-18T23:54:07Z,23.20,36.59,100,0,72.53,101.26,39.00,660.00,410,25.59,29.10,null,null,null
2022-04-18T23:55:07Z,23.18,36.66,100,0,74.35,101.25,39.00,660.00,411,25.58,29.08,0,0,0
2022-04-18T23:56:07Z,23.18,36.53,100,0,74.59,101.26,34.00,624.00,411,25.58,29.13,null,null,null
2022-04-18T23:57:07Z,23.18,36.60,100,0,75.97,101.25,35.00,631.00,410,25.57,29.10,null,null,null
2022-04-18T23:58:07Z,23.18,36.60,100,0,70.67,101.26,39.00,657.00,409,25.58,29.07,null,null,null
2022-04-18T23:59:07Z,23.17,36.62,100,0,84.77,101.26,39.00,660.00,412,25.58,29.13,null,null,null
